630133783
937259923
385392104
440662726
525261702
596734709
428880180
415595570
671030584
799469475
748528626
152380203
752907055
276089386
562106117
43970797
384279139
737585946
268037610
356926106
991535792
787731132
227677007
468960654
183659122
864994826
476931661
706756347
407901378
761814509
887543841
785954902
436922804
294582203
948440049
127949639
897110163
57313216
470914849
328589288
126371867
61149961
959917695
935194870
978717402
412534491
626405846
562035634
523721986
129393087
513040532
475020605
298296811
84187813
35234225
79913363
689058293
54790380
791032224
398398507
986221127
470023239
310101695
85217521
782341518
880873343
910386395
557783864
646111914
797992867
864995372
571091526
477304343
285295050
832121616
870300658
347157795
364632796
200448064
344500689
463750702
257542160
471353689
317856422
877659418
704712832
238433618
471812448
377842910
916197810
902168667
189326324
572192510
863635011
539648594
997807056
919448138
633075385
160833329
10432218
787605288
208493895
535941104
140736757
874339986
118297944
805826656
538610174
600207788
268928061
166667360
103738975
975682704
944350292
250529622
102051732
998860629
175654042
215188964
703448362
624237999
949489050
551016596
341505004
398234652
721751595
987025323
222735322
617324811
646565322
555897380
361108295
725086787
251571961
702234718
388175180
754402292
927017477
497251441
417398510
981372294
661478525
627759181
529710383
320278051
355255444
930751173
222808339
233370215
56380227
683579102
882923031
57528651
162368740
26908509
887984710
510339104
681511600
707010770
900219329
203063657
309850415
560288089
779204525
662573183
763297540
67165470
40942244
82207472
821251392
383241658
277773918
514044633
149256093
475688745
402984952
536290305
798799466
350087662
664527117
625992391
421188571
983983430
189623711
25678651
477721226
878240827
741796349
837485441
278929589
540755394
182726382
993265301
144563234
754439454
456945254
463592949
480972972
841008138
152768030
225820812
534493939
93941898
756612637
708887013
510775235
550322116
342520008
341427077
68447091
402378488
296631566
242602305
223335991
444187120
469488244
884582259
733075397
540883304
704295873
309883013
497461890
931817414
157946888
724910780
129942863
902051068
814854234
52413057
233979003
40972472
321081826
568686055
713721577
147203372
10311338
151226576
368588196
165888749
116448882
109584052
876217557
862222847
668595094
848137083
631233774
390330982
281102337
318955917
806783275
483202593
504829766
605970172
6923823
6935419
659764667
972528719
455072074
132591911
679332847
991315514
136630799
128704816
803802325
379718551
831352718
526586551
711914802
636029285
723003687
390567978
533311818
886438958
617844666
120835154
692288972
432714540
668579281
93356415
626750732
344070021
443528910
258467712
301443981
448501326
967005902
620103344
412018325
844524871
897515306
407336561
389425445
48476573
479057713
586257118
726786647
954942234
748300517
36895225
980869532
435157910
162627737
297489786
520317014
671771081
893625634
270592664
33244693
98204446
101228611
299446890
646012354
604448658
223021965
888108138
293088038
373199817
876786057
423663743
210530589
662937069
123317000
87588236
986414533
227659367
625680214
36736660
428270084
804784943
93322873
598533113
151118768
859663764
262339730
93812421
811391075
744607323
524229980
849368494
820093412
373227351
9125210
860001849
79566440
301160935
425311895
54291705
53231494
474447259
1005632
622635362
333502192
569788242
15844856
123922228
994158858
524155302
371836419
405857341
903505216
323033610
733117213
417428498
64853397
682512865
314247349
815813414
781221496
677673235
687375161
284157735
24914612
781264877
450908935
94593964
345610276
149351512
277936960
442974918
123045525
267461032
75919655
720352037
80078795
626122503
678322489
556303080
960093071
918436968
775567770
258611358
319343748
473632253
875147017
440181563
379783393
580411835
604864501
332928557
212780041
699566293
678308516
508239998
769747179
405351540
103872901
835101520
986421856
137042814
470281004
681988160
699998796
605911422
877679585
934706446
924389299
556307264
394144509
481985246
782516899
520936524
199512980
412251888
885064066
254088247
694532407
712230424
584177144
926721485
768568818
937137698
979951928
840257175
175863469
932211205
134205836
196447270
273568087
707868062
943679719
511037446
56873071
626077849
757285457
522069490
767459196
771565171
95520630
494893670
149747222
233011090
736132327
297954612
704554837
954490445
880374778
94733529
69476364
124123835
843082388
208663692
636273916
639578268
464711695
961907995
609805651
898338054
904082132
988756518
979953500
157776416
84557898
379574239
176598779
564949936
737625134
652741322
266914873
77062756
473635813
811751626
192961342
366809949
582302947
748962206
311199637
850099163
336052976
697352413
517270566
84500588
492447800
581981058
135189042
379211039
388970078
533575460
58366319
630840275
931429346
503524501
210592043
525649434
52705680
288905303
732315643
950347155
963804668
361053031
330647144
655529875
287651568
1743281
583883657
876414304
616540341
388670253
351683914
252050968
342176194
72171694
575553278
56817293
19890070
928623610
223316137
663344793
826946649
33288170
982348064
983351754
317259694
614250018
758837649
737984876
30841497
788909435
532849987
135803843
878323895
202453436
664170169
276590293
438856578
73426863
868393374
42578011
535577580
673580353
253262185
611676633
443801781
232283529
550992489
27248835
213316306
743912304
326008401
843576199
936574321
81461907
10759516
481480098
671967660
591121634
834619191
223953498
185899325
83205180
389074701
754914934
831555524
102998423
319398518
137909650
230459431
303810477
950477864
375685391
270461058
684674415
240847890
572992620
596965603
209573981
933432493
269356134
802459210
828200656
129282434
246578836
418657538
616895696
699130941
968536948
500609150
354794388
329749498
894790557
868017927
122551409
583066418
919686336
800444963
783532238
855290211
601072390
181896545
173857010
546357491
308533285
738108393
493044237
207652208
273909244
698936507
482995575
120622485
656006862
3106513
394500797
531012277
162288538
719288051
660455661
643491269
183099591
493869770
762488491
7588407
66904383
267309139
700798501
622694531
530029296
522365501
158983648
927269727
954578587
991853838
481928210
899435777
34171523
706100119
861343076
834322648
594487683
320101637
24565187
528797838
12185765
821258298
586935647
886332621
119011849
890682038
441488488
766529518
589390158
260391575
506447754
594590116
531266656
829548618
6633720
681797510
384855638
702564602
921569705
494477660
500680570
782351065
845670431
573614148
454668815
179043889
8129546
308777214
707421212
177098212
227056798
900613393
72690217
211311474
503257464
3387369
32502292
995946786
866105375
923928858
760936324
76538972
860531236
991744393
851911961
74387027
494728465
419606602
934917488
374210548
259503099
876262717
662835602
852127148
533992778
70067900
513667660
532057794
860577336
771153759
976695177
997845720
347563079
677560117
546888727
703571855
561283160
592027715
788351757
743859618
347051108
116177672
128093160
307114157
917514962
832039986
39813072
312904224
260259595
745358144
465627902
72110427
75643139
430135264
901967020
683306216
441832926
579289005
182724354
170085973
486814103
18050566
989671705
498041419
250721238
129993232
531163277
295239795
281599405
742285959
990772054
22004582
693934703
788877194
399550659
242088960
846736559
253960374
277171850
295318342
674751881
362096182
492170546
267103371
770813012
416999268
175642567
403943074
543782085
788499098
88941239
506574253
139394880
50302626
338488033
113336494
945372252
472212667
443631146
474578341
872078223
114374457
660589712
294466112
367948983
384842985
563135996
573206885
608423264
284261213
746570199
694819488
717396657
300062480
210899375
889231318
521679344
584819902
483543836
642965041
890991617
952953073
761945032
659061058
248844728
159537224
181380318
957512059
857102607
477813382
586485513
350732907
702246734
367013476
519048915
713516930
145517007
813265595
79658892
546015170
271815270
212886201
53822704
52512747
86817369
930578531
901213429
923640191
72536564
809924636
92415274
324578321
736589066
492834143
587051610
388865758
972628182
763851581
420300681
29015788
122717062
740974406
44149106
664599938
584055058
704688505
279851104
23505288
148950004
814971600
240901230
627117161
427255360
243106414
609950500
778515471
856234519
815003827
790100654
986132885
123604432
651947270
712107949
136417267
236925124
651889278
658233135
405970670
613055530
46327448
135942557
651272499
982547664
980960136
55798165
37893030
671997537
839364088
205391274
780843897
608757882
424874812
695201206
575085332
376785280
960805548
290640222
205998483
304375861
469637781
386728415
146114646
925764712
793788569
515408177
764962140
893560866
677242718
121418333
186954076
928167984
286337898
387283164
391193826
117684047
816112375
995696369
264970561
732164128
812236368
477109538
841621030
467099834
802568380
387126499
970466885
41941166
966423561
144651083
475388448
391379660
995805982
960872341
784937227
560600623
960910108
630763087
743601818
929920024
585420620
713948297
478952435
932626436
638895518
610810491
653208967
170207508
330317771
721995993
302696150
420631689
827940672
397778102
740119664
652189561
940291881
825531462
92712779
705490446
359333587
469210229
968961572
838472991
638421116
933083649
60761379
877505759
873721434
570900315
93910440
756215491
117815424
78294292
861107821
7661127
945757476
378227406
851662466
700710666
317868321
394062322
921532787
127642024
755424285
628301126
617008866
301752399
478318852
169595672
293056473
833298803
457139909
647273380
840575065
78584781
978553318
438737174
355188218
116928461
418487579
183132573
919315826
214950374
92909226
527478342
345078565
307062380
584090863
475429192
551423630
200005670
900312918
75851787
244470249
893808670
692721338
494444398
94298033
228606649
512935019
234973821
789624354
679579761
429942417
329861335
626057792
85437453
949931548
404652806
651942052
680931749
781873406
823995696
974230183
563650283
115359874
40693035
237761917
799956121
169357974
596814433
441235964
737107893
159101228
349163298
555346276
615904230
455388035
285994353
798909338
563271161
396598605
531465780
22780716
959849685
123173049
632074369
718498987
772817145
400660697
423974339
539462321
119596665
943200115
371133109
513134514
363836416
732090041
307513905
616859280
132536659
840770693
868547585
290107123
845322503
794701847
266747323
765706640
291065696
630701716
697417160
398713352
202920875
839396944
493161759
880830117
493581193
464972098
671472029
324120831
402771222
322350594
612701768
953127650
516564060
313354226
468391338
386462307
226239958
963067649
904866356
47713765
459895396
303804010
636840600
593998942
709743177
621804088
988546678
377236555
894801828
512325184
831124804
839616584
701447136
369042964
70449553
11032553
987298290
663705316
705835977
342968242
843119972
916268074
739604538
752685094
355648088
944596857
824270716
424502815
621716493
957381954
634145391
727423209
384147578
958299463
894563628
448094160
713836385
57876004
417175977
667394570
695507161
701610048
561973083
376710528
211266569
750413707
864279631
76516534
751075981
74156754
18572550
944531112
614938887
355357955
415268338
678257232
209165939
876521709
770804560
877899570
995321782
239221255
893512277
746121257
865061563
583128649
877087156
898672764
324114345
759423448
183259960
591310247
364820602
536542384
142740747
722808843
773891571
18594245
557210122
305833963
304294865
308747287
229043661
262979924
276316573
904219090
948453244
262635121
667604537
112103386
562648059
548363803
644518458
582116927
141613250
739118269
714979299
835651588
444503390
394456866
689909813
427675257
574213958
478956263
516266576
63047543
371813619
106954968
57163310
838737052
998011807
895822511
376583196
568544188
102157474
92362377
897759447
684521065
11060107
493184394
170686972
767603397
525679215
978314269
111227875
396566722
117157751
865261973
738864681
374470926
406654811
240948052
859608620
216506305
962610781
199997413
399222407
147443248
267028188
834468015
290107249
204320625
967973483
69618388
769715022
750895634
948947275
27131025
268488623
497856811
357578819
728032933
692006131
718766462
484246131
231126633
466752825
856525165
770594379
229134633
722651609
879971281
747762588
578573537
416685452
623207764
721863795
595952422
598160891
12779794
532035563
191212105
628107541
361544416
384727815
933802183
230747339
178971070
694863128
728387020
201689261
406892819
564496334
69505372
621224302
78695690
781465657
293842886
85110322
901516938
709583883
277556162
4282193
238567949
758973497
825461241
369686215
260313417
854285236
435034398
539081961
463489397
884976375
143908663
653895966
603510306
541055346
593212260
257877533
726958875
663552612
939631007
98649316
589203702
824162261
307045507
683402819
921868969
587475829
454268621
731276535
106343859
858135835
843130219
364801388
824756194
70194431
537983402
316372198
202004280
1203761
930140969
776993356
342943551
188123894
197197123
605731666
110679721
885043181
129081107
43373926
769467800
87821597
926224388
973473148
162093005
758967034
364800578
885144121
476877923
339235333
279429225
395311860
561622419
542126462
659468244
906900169
650720751
587608392
394552066
513727030
443141049
905936262
13836789
104428979
788261548
858860452
427763288
459610594
925654857
716117514
905446765
148639109
528382716
846515852
223653843
245675917
476103091
510007200
628036875
61799513
48100045
735783969
935044452
193940520
743092644
898561338
250985895
913117593
395738893
152070844
971218928
72605539
21090992
287523325
139985650
742805764
348928553
844999517
868862839
455847875
119950190
231816419
80007132
992801268
774891869
989891499
66815336
713379541
296724557
438511732
507211219
255882352
802929204
206613934
524950936
148691005
389178573
421439632
954371461
905640897
474333886
156103329
120443271
619165402
939462617
105976256
425335554
579184676
808748872
824833205
174425820
133310287
208479045
250473622
755467312
604579535
53373934
327936786
535592546
437137229
526447443
617918798
614579503
325606332
747915408
79830895
303335012
585560826
547141982
957486808
562117192
722149452
684990358
403457818
758825296
844077710
152549787
194569569
500795560
389593247
977564443
445615920
921138842
820406665
69843368
794378539
782986101
365891126
113837855
115698618
308529697
582080738
733684926
111055186
49893113
171946728
735532953
618721644
299423419
940092042
150515948
382096700
252083818
110798317
752686787
286074787
586515987
84013320
931396026
83279390
554791664
622195876
614571229
948271060
716877000
119305254
946203623
448861983
284251954
263855210
553689837
407064569
869696930
536110580
364620742
969187722
723713141
364033485
313076920
620622310
649051949
986235704
597019986
973582041
84312492
350769762
90755302
237910513
727014675
583474372
694623720
44527724
749641719
132886373
388484168
802618909
643630211
191747749
345793739
513852226
343823832
627476302
242811093
135694479
748322319
123079708
616345812
110413890
337505267
728305267
496879243
772006048
667551429
537931895
731645488
15573448
52911734
284450010
233338615
783108120
316248747
612737683
717607772
599255837
780393589
123163783
968954886
36435040
328726406
865798454
381788161
154935928
89810500
391889220
223883698
548811366
956614982
583603148
8852678
492967881
950190848
122691029
826727566
57323418
610769666
194798555
593636721
105081614
756488065
111030336
363441754
696613864
589700204
671208471
37629188
299568562
73986120
310505629
333069465
729162333
883078788
429715174
547089202
652796218
333006667
1044579
830834795
250973358
527769730
743203572
29982948
462864721
580688281
13332096
454494046
245290305
491222885
471351892
291949201
130458428
152667642
957169295
657060125
58335288
521910350
970786981
894367546
901956586
678010640
511708395
345967527
751274383
245440040
797140762
227127397
373534197
367894129
284213280
95133513
159735172
793583986
161915966
468796703
845378171
411961912
808784640
569467595
234558055
731135447
859062027
510293077
207802914
162662800
53936641
920649967
514814673
38298816
116673303
739652673
135207079
215966544
166971716
148023305
722254610
25337987
77783150
14144407
161328950
102042525
859445462
621122444
360472616
135706542
650393581
911849419
533420477
755513835
652054040
81362788
474253856
55887491
112568556
763374376
269369172
827063390
529778175
178830862
256976445
677284444
822206267
851184883
916390676
614205040
160056700
158459132
377900226
495412577
349072346
891002778
401536290
238592544
571371356
540619770
771311104
956764441
203743923
251867585
509241468
915842031
667948906
713391616
782934246
753065311
605297769
588998708
583094223
191581016
886074923
851760798
745636606
371918567
600431641
696669484
906782527
641332644
548772179
676786054
272378593
628434537
579312212
399878135
379517440
273561149
591576255
774048755
212917556
855747559
347638547
436142275
437850464
639752969
904449883
346112993
429334421
758114154
138045938
840683223
584715957
663684114
473863782
511257575
573496705
935521580
246839462
24474382
778962920
208453739
363778519
762327637
618574193
247505265
592205223
15899269
661495932
536867288
652619417
29631014
944259481
757941115
204880861
856475648
698810862
545516222
572856072
41615526
864341309
905608998
120632750
561503978
603037207
219122155
287706819
214789953
635128420
157502319
37196926
823157875
157058931
501559942
899620934
965335206
555684071
968819093
191107953
723496381
961819321
205574639
707990001
825406803
20070368
550898022
288077061
292351897
140540956
743493732
838278722
302155236
385762189
216145505
258705057
690284135
102154137
395889122
202187224
161870428
375208361
41345891
85255204
178493521
163924257
343990731
540502776
33892207
961995699
562163500
613702653
748546032
689393476
75655080
126615713
60285049
592194143
300667072
498327264
769741076
629806211
318418525
348378070
548707247
94023174
391338243
955494173
877107359
571271110
756884619
57799925
11625711
577118685
716606735
108054150
881645674
583990074
131506116
382909675
588629080
587897297
305262923
736319745
676279363
772286098
612190481
790230295
28963739
323829347
926328887
776487433
525855039
6706670
717155769
87856604
443084731
678721730
515060919
991120271
357822579
329925960
474877598
485254616
836944100
131445452
477288725
933861123
500748860
805765629
992692974
375368223
101226787
258058193
847600230
593615260
670045824
810758913
415042606
133761711
624130586
502313176
98884967
695800090
975764056
436149537
772787684
209560511
848118133
618422823
35789157
876603457
69161003
618602517
207608208
304854395
133866920
145045024
9192793
439032730
275769622
916197045
910841420
367232214
166469980
701004331
271593823
410949285
916248633
940884534
670853382
87260419
337502686
625859309
554131572
213947070
965981142
616023652
407045344
442284302
988198802
911212353
982451104
413132960
243557539
256297141
810357275
551557244
622012310
491765441
441628622
390372456
715170314
780697269
419600958
917458655
312208412
896629423
92982191
727403040
693112375
436459067
596520967
322563155
196660146
450158782
8327048
9206447
287021487
713803237
625111951
927146015
881731111
291659634
195205476
507661454
206290296
842740741
187999841
492859076
222299692
34975575
507590453
340161852
739438286
525676970
854665380
988076527
821768147
671375084
750333132
558059073
391368304
657633201
488063419
624356845
577056062
467356788
986317618
677783165
390853269
812498953
264298349
567409096
933487853
620980788
716431363
412253027
898748776
274642434
557790775
2819547
280187354
342813204
487622931
297449145
407233630
859977304
678275565
136455762
394633814
38196847
748598692
251138054
279722429
764070782
399850017
531929737
89311509
622593537
551764115
3475840
336396206
994258182
815350431
320188451
98344210
119362705
212885073
822642684
483322734
657556880
984773987
553146254
877591180
687726207
209565171
582357902
197603997
986777539
557730992
669035752
955172879
194783833
876505430
496114922
63535496
671325998
309812965
771216958
298522437
291617447
170813483
129420142
121935198
319514217
544295868
662252672
974264890
775942818
759948157
458248827
779157413
569289193
542390771
163328367
960932247
458167932
843274788
263831929
482537437
985426705
157438726
193727676
531846267
57016075
473114521
875364760
399387992
379382659
972983630
817364929
752303656
809361801
244510879
505439168
680282356
359693372
950183583
869198651
906484783
705459203
30690421
142362017
921672867
196990577
913822943
642392750
528712178
555960607
517328782
792003598
607913607
781070150
879014174
420683101
91768603
448110083
525127464
175087818
605112519
741325540
785417664
389041752
217673995
146304442
759624619
979890489
696041863
493692340
863031514
836716733
390945667
170353996
141317394
83547463
647122725
466342354
971366867
917836913
633357910
848814780
129574776
242803409
495694471
828953941
47887528
680247434
9041992
821430421
574350427
682226411
954170256
65603501
679291104
30317156
130570799
213634223
356009913
48710734
769502854
260585691
709563829
950277337
342249450
512582400
746266908
732963130
203851136
818012829
169149039
803479528
651143
539374473
866799100
320027791
556072501
55836553
813693961
559571034
709492589
791365298
802323474
128493512
992784344
553369182
511689705
961628666
145616922
991602494
348483394
653483056
550489741
979999365
902482233
204149931
763826846
793041824
332962976
21724566
163090380
701679907
12795475
329323277
49390627
570916613
855931556
600267690
112668160
87682722
807931201
646688927
818695237
492468556
3199439
277737946
167747251
222612345
794840801
373637728
793924790
834720805
445353784
157569389
509382249
766888938
592908852
900576913
220492004
141218439
262571300
147978145
126446288
989203889
697041064
563475772
195186024
606921840
616340416
855795549
199942033
884164486
135764766
3947707
935389727
926603979
897432007
435006253
251659680
31533968
768564207
784469213
808065173
124718093
926732035
561446667
663653791
893807454
669541302
684664387
519614742
651131499
675538170
84114874
620356538
892073361
572592029
199940296
816048809
341275373
729433378
753089006
686148750
104439177
550904612
596127509
292986341
85474872
33045774
166170936
610738978
413775066
464934476
353527562
42792373
196048848
137040868
186775957
829344353
70290808
177907289
486101718
750163196
712822821
887756265
478327939
414170947
786262422
436752793
517699553
794971189
176129111
567893350
699874155
22912880
80063931
691608099
524827218
635116627
717742306
197145716
695375343
599296811
130986958
672412205
79713277
734675668
654835333
950915573
191395802
496142436
693815705
517002540
894300038
180249149
546189722
730224818
16672110
266233683
974495640
937819619
384932130
365252239
756577165
941270957
693012401
229355066
818142309
824340800
432872565
118301121
798873989
865804032
193842661
699669364
387917717
933233101
955028123
870927034
803326701
79760407
537260644
30944481
482489245
114497351
105151876
807180896
690869353
887511823
127500881
103241929
595401389
342100986
175332353
608037758
29732308
223896633
172767787
618483358
426814607
304987320
598876997
114562988
588904401
43227501
983792712
546696654
732297768
516871400
512951113
520531376
469001236
458708079
822264635
25366692
27158203
999178827
237580479
939502032
771063189
129987598
693171144
300863236
255528974
544451164
172252114
888257271
536497226
334949757
765369117
639636418
901252080
434032216
700030894
781998872
587930547
360943676
934835400
216998682
169092210
49397562
790267480
742766358
430855434
406340526
334870117
830714292
960884212
959377690
428026161
76845659
842464656
392120022
234075828
854552989
620685632
697895766
11008156
215599539
645376280
892939787
639001976
603093507
146625196
166876573
607319818
767951459
328472204
448610197
518411001
116591091
791097027
287169672
807110354
180815178
79963439
803782528
823752284
872159888
939299207
486652577
270193652
35815545
412516951
323232354
227337610
761678896
795536273
323465227
10187509
535377082
678964953
512034335
533451775
169020874
917534667
296227779
400855142
793623612
571748266
657105409
619273692
138097826
993806481
205565728
83990646
119703269
66311149
817398989
133460426
651258034
978397997
947849663
745163356
532950904
354778213
6647090
699214996
762408246
978517892
622833007
336377952
749498388
396586143
483008186
264800272
764836879
105228647
854542536
21469375
299062598
276839935
788616728
147775109
786098028
600304078
539575543
292441738
466358675
396395212
121863257
231100354
212076421
722289087
794328982
190710964
339003945
267166670
807327433
357592316
130495206
370009216
36243771
846803667
667422561
110662725
693916630
448424646
924872701
718795164
5825429
257752190
884317073
774173689
85874655
856459631
256197468
3511874
95261139
539883567
822982835
237218597
108015435
715181918
294821730
176953135
92968333
657459083
239151739
941875241
720149203
905670164
411708214
836822873
239295271
563901451
505885864
824637348
906014743
110414135
84861050
684841607
613250665
202786434
79561922
967275909
633948407
795992263
932198592
819950995
342169916
775386453
273666436
948849872
968281628
192116053
514827111
946371
33727383
427069599
380480864
802863055
175422881
640010498
959098138
312546482
845818346
216469220
360531297
623250248
763874040
81918858
708177494
488163595
935143918
385359620
176046462
7814319
833518516
605565366
172871709
741699967
471542768
606475765
350371260
736298498
69749365
823981104
872606904
785947371
430470707
562856274
214615376
936272838
433176824
17968421
572883587
875465662
529737747
300738953
401100935
60522338
932825955
522393197
358499999
65089560
597954749
58876853
236141975
558320595
186132727
953235416
498533526
821763571
874900080
813153003
660887101
989807885
189731951
526778257
701325057
567913028
326439308
771725629
354553836
803528715
952315945
763933553
618622911
491425785
109577679
751949919
559309971
797048080
754409802
21549956
329133213
44196695
280645955
243974096
636016099
917201564
636169614
71001879
71998621
645673908
836369564
554870528
298329875
101378023
737353705
844545176
344445541
190309137
238207117
778989292
26134522
401616905
401994940
116553654
989306534
738022927
201465624
80985355
346111591
916363757
721855691
174872370
147564311
781020663
506491904
250916413
565760399
375893487
107081463
45795400
324280082
17826564
840767421
24121729
322596792
622615039
729271375
690464932
629898057
905057365
488211290
920354591
13143991
857685863
497996370
194231136
580273297
538867647
142113483
4056978
944966983
505170657
111477311
400466532
955442515
650126020
547787253
974077973
209326390
966438118
260132261
36797851
285946467
411346828
18854804
305217309
357813887
168759842
469789998
511029623
788169357
914412340
936870771
403321484
448776911
597869748
203783437
913373831
583435559
720923712
19382719
59585201
454209450
441948554
49368132
730220233
810484575
71550079
847930074
703362519
592607285
158570501
907640085
867454160
158451581
962115969
506337029
295821612
878996413
921698309
44864520
194696917
717443544
824364287
767817192
634836624
628543069
103132618
997038425
988521851
169258675
913393405
84838557
667223734
193033258
288266676
502387713
445478240
614272248
297887454
728137977
486076769
89910285
40316929
116411786
24420783
104525941
832648392
378695778
976783067
366589464
858579088
19428640
653264895
252128461
263960630
581648292
553124882
660924666
480278905
413133433
116663754
507134312
895668985
352193301
484104286
789061896
579121445
689789804
845339469
412697967
980339300
741843248
469524248
458268056
534277412
43476524
955020979
237893208
462379037
717172496
172219000
437026470
718391588
481837688
896145311
996425539
749703248
124250817
821786455
399228001
770215050
315700688
969126336
52770268
371088861
346839086
473780908
851253731
973559320
613980840
802392032
182719868
863610291
129490974
8992397
91947840
62433894
971101483
128368148
416634506
375922391
157734461
523756014
867792612
259182758
798234249
994257496
955534053
360622888
902522993
631628334
682998533
607318215
274252064
758875576
74986773
844704041
209893086
527969102
496080384
697329707
605567713
945444191
501915361
480898406
930857982
799552884
418138438
95661492
662890508
182951883
173908965
90140391
305021935
85862825
953490472
122986340
823397650
829020931
69961736
234235869
196565800
942903509
361803336
418274252
492719772
424835006
551049429
458719583
604401924
548567299
480117926
690012046
27610528
464432884
386280380
304821908
372181226
60662968
928253383
132292669
899247473
374003758
601128983
72478950
799367564
31928766
636038486
902232012
25665447
177528201
500267217
966923546
652775229
861607865
152211221
597385079
427047034
45733092
646429712
807078724
430451463
953053413
995818289
465059745
386578623
284967421
398267262
454071077
462401847
698616200
866877384
442356467
628323079
422117466
545357146
119518777
728754297
18828989
411787193
87632673
48574267
562341910
577248308
758490369
991228415
2659363
4310472
866200202
213044676
155329876
226702349
191118496
306109665
796424287
288891404
436665324
129481223
136492813
637030773
50806767
496047446
454554607
393991784
152275837
571292814
978407622
707605512
633334765
561851159
838399799
284314419
266418218
111481927
710800834
338991724
321462436
461049030
628857504
411828639
921190917
785463514
10771767
112011035
417100615
43923455
511451474
47371428
267759423
849694873
677713727
721407914
36281004
875462685
9357668
330235438
181599264
136731536
603078903
879833993
372141297
244087805
84866556
915901206
324290312
813453200
803458573
469476480
937317534
556740833
332402933
491542738
425367600
158719473
342714508
773576492
396274646
299711252
835184536
336127414
656092815
466727113
244270835
2027949
451320740
784689372
21556285
221303792
655341936
1499136
604205273
205425832
7311550
947450176
723778669
39683090
454088346
825392123
326215783
202029475
935272446
414646960
620621006
524897057
55599442
585948879
112750361
527644333
125535414
113653536
473548524
458729867
112507151
332711163
120049395
821916531
637546820
437195957
396397489
842182702
611050743
164895669
456729449
231886484
157577658
997546814
74249826
994962892
526452029
616721007
926620670
114021772
103260192
944712205
863695365
729341999
744363909
654955383
574869152
584442547
313324788
20596843
131462536
302251722
349608782
923133170
185746190
284170461
842641118
133842039
179259597
954431676
934290661
778867755
265834721
280814802
761853607
680113618
152112363
642937117
360488995
529588869
984160746
303464099
425189310
768284516
356712542
346213682
467327768
58194263
809672431
892614699
930757922
93649435
284143419
953098972
135674227
664761664
345778439
826286474
599200167
57078050
635637716
629371036
114989216
688551064
908377211
296444950
553225105
153077526
674614782
191534010
96468341
977712761
88702646
363805741
656918946
537522453
475675140
928060228
255146601
160876789
152819635
931935365
179810939
781716764
38712665
894542063
270880185
109488645
381780988
183114332
979721015
43025369
382749552
760162911
196023539
56489649
385136201
258388527
583841021
206357215
334450563
291295006
629575660
124263560
65577816
175712614
777285107
355969224
599847251
558005245
353095455
573978117
97226830
154764990
274374041
335869284
719115397
82702458
936403666
690293948
887885699
248376396
93146721
38072927
660065395
418808039
976445628
396878358
951702087
401752536
324708516
42160270
990447182
858922232
539192560
701240697
507144126
622235335
466091522
820449808
565851718
542718546
326793190
731107397
799246172
610976020
113149378
451578567
654376217
793196275
521346828
651313978
858981247
517898118
895045915
591067141
936662044
222049477
750968508
463368768
816502635
820734638
446655993
848599342
382922605
155734918
636659607
547952395
565300847
846553011
642108737
210320393
933786716
134044160
670854745
837418000
235127715
655532417
728396728
482534883
251862050
285313270
363504433
821969618
886545142
657637933
830336757
579263866
553942021
886010904
91660210
248875759
395683563
586538394
563096448
934482270
818901776
981158486
95589192
472580763
382232059
591578978
211232044
287187640
351912254
325475181
744880084
628995334
755084063
780743761
581484767
237137182
706058459
488618437
572423048
882090562
758869484
349425716
263460698
169644204
321757759
679909086
559027578
329760810
552716689
959317055
740434967
819712788
426141471
347558259
975448668
97701279
197099118
368942564
283163438
273448920
953221062
53383440
509378965
624266422
505745668
759674091
949445990
849318745
418808916
11427245
126482046
24193773
839145429
716346055
522406652
691344185
244148318
616120818
63085456
268371433
18975781
383364085
128587835
335768402
411364516
825331284
440287352
942399418
507454106
451763959
771416791
636935488
851412445
828234331
732796487
181278504
348798525
89184282
236583425
291499934
429931575
868900867
330952582
599309250
731802285
509622735
932461674
424632763
62572393
976349231
565962266
31400907
145037391
327460929
334041389
128141423
110120537
320008282
966836571
623515645
845916979
291475991
400413977
396974832
375909138
891068735
997107697
238300405
376788488
320688215
140902203
385422706
733829616
561548890
262202891
394715923
410963474
392782999
238785559
527874978
808854351
798613514
939763076
438457437
679314617
405954418
743755112
257450400
659658417
634633126
554813876
516323714
659959897
949693195
100826472
783908346
653096218
700995923
378540721
221324228
823411499
496122218
808333585
921316867
196001564
152886781
187949673
846305506
926365112
20955497
316107630
777419543
710639716
960488712
70861764
748215449
883692931
754742660
204555949
308765267
147506083
327228921
335950979
769833725
540127016
834997477
883782051
698098553
348005615
111690400
905922269
857936748
164073867
605785880
956008631
323168673
834260836
972526772
852337533
20346457
897356921
861996037
683462387
238208328
398106189
12419734
76400965
203167031
600513740
337512072
647155902
473105649
498138812
827054458
363167301
231721283
22407117
889796368
291452723
753531343
224616780
197987727
470275370
730781451
538579879
56928496
377796766
206517780
581703788
189889048
110196094
500190905
827414601
481261396
745509582
562226417
536643461
833489022
813688941
314753602
97404041
2592550
528660266
959919945
879433794
317896267
962812820
598164119
729932314
401798967
367871079
332988850
770598050
470849866
777082922
982635389
442626803
904287823
757485218
347983524
913892934
234483605
118430351
338054445
681921184
368188737
509606456
970859243
183718053
233237934
406517473
202289670
517399923
649492613
377655956
26874144
752650159
577085863
135153446
4801275
935920850
189322356
134937619
862699631
593974380
323120357
253278396
869876679
614591046
94691441
639575960
443280758
481890414
764548380
950357944
988198065
264614640
717567808
259660766
496791984
587874154
503221694
51254922
592259278
368299113
216726653
128804744
613917093
355839179
713308999
220210080
412664824
140897862
321535654
6273380
716861609
368466981
807281190
80931891
3209934
34310991
397004359
769754974
915732229
384069023
46737470
784962442
219449953
530664689
816182432
219361459
640937699
695285313
703526184
988269718
966478742
616354460
419404383
878603233
827695849
924329998
75455122
338898575
125481552
480480616
687002590
843575882
474479290
394863925
379139657
726978508
68260303
348130515
82253326
413856871
30812995
554312075
42154079
851417644
649114640
759033676
130336324
58991427
842274547
645138516
834716379
571404423
15657613
919870843
680421230
924870365
190340623
668923681
822648868
213780998
825705113
117910382
270867920
717097846
130956318
719143256
374956105
939800918
859688767
147190413
473626082
295847161
839786678
851208050
796222677
880709175
684568843
658768640
882658914
589564958
428265954
881296405
658208617
902780809
647727558
172484568
751533823
65802580
829180971
531795873
589930768
582782965
224843018
796143717
692991886
790988968
816331313
765743753
407218765
496076170
731047341
195899516
731914937
5021078
680273860
834194457
472076060
32155737
825699147
926875547
689569356
46278963
504567928
101751551
147794222
64532080
451378892
476739853
250274431
190999294
49183790
211419628
635042327
19869639
52990634
784114153
116547194
807119391
635904277
332198217
165953411
191050138
614374351
442625636
662476058
980370961
651864911
258528893
85659534
988878572
5510851
493341121
473846392
673831372
802937023
361951548
96689371
76889353
135491036
157231872
842239399
978816483
742901678
383796524
365967703
936662971
246029677
853495809
482431345
296329375
89702938
473214073
466585910
921751440
23289495
290509304
178583297
981440043
993468131
907924199
801058310
969466836
777672147
948844521
849907773
140523354
7682177
657023969
434301643
729520847
603731731
659057033
222602007
398441637
968290076
70691328
812501895
42960459
547408383
314788772
691126899
388904707
789347338
163788162
885006089
595571611
183240750
878715479
993395362
798643366
702518727
160070876
717340390
987445084
678804281
821241733
963162527
466329503
586703296
385989046
145327798
925951347
230246481
472485091
681038728
168718260
171387321
669760659
652912286
847003142
395217794
11537536
101720534
396452001
431621629
175983591
558216565
576560080
457699655
348495886
221383791
165916613
648790403
329283614
567215023
725744148
744941649
774330369
389320560
16407189
413725250
374424923
208666183
509041413
211886260
936022696
948611100
712978636
870106956
900814816
779231067
776974167
313731207
911982867
695369920
375305879
851793255
763060249
991224677
784499992
931944170
329233322
222828
845071389
763498595
55672669
265910946
755661395
157097142
793202890
772979855
700368596
155210549
786293089
845236888
176666006
458043488
340225193
292112468
340986309
49504966
638947760
726008752
507963866
648336638
182301378
843159115
994413961
493131576
944495069
562685090
164491475
685655154
541375352
167376080
204803518
64339010
320569813
156204218
617769038
179105826
595871692
75006255
389810296
297830384
344528433
634735127
988440854
801452685
264113222
481584123
628803266
232741585
404959628
415327320
566666048
222213132
229725097
712722419
157884238
888306611
979218991
134725766
873318519
628892435
202709630
128101774
984079991
191866714
971229893
870384153
833336809
507051450
413904274
533100282
993547910
907109413
308186817
944196003
994718712
971101422
806539343
846323333
275045173
865332402
578985652
812911889
287847863
21583497
985638974
336052087
572767679
834210762
398578285
56959179
423343594
128782992
431661055
688962811
723161221
343176092
372689626
523396070
622022774
451443608
358428589
267992144
827489108
744927855
880769633
960013177
378589337
540409
691475528
167506080
790767276
809751302
709511993
107959671
562295604
332875772
132708568
1019046
435334040
245595706
31513333
598479576
228879555
454771142
896874927
459233244
894616303
600725268
880907663
841982357
253620011
564331236
1834163
817535909
424318644
155147688
579464483
513576709
206382157
592412446
870012207
361022879
806864240
239871263
75750462
845014764
590166773
806626507
579570117
681508332
869632128
717324538
864009384
200187108
100974675
171564418
358043864
387882134
847391194
591936531
126652965
330615257
596202743
522542424
296733659
596253582
798107666
454431193
734719858
855798006
920837621
830758221
53057625
283613399
832044244
771288400
41254302
589977089
14650554
912286821
742333485
922789847
826495151
907979091
459682636
356557726
739437287
422205873
728359559
646354622
663999197
682951824
466416637
899976247
971541913
301416718
213380324
33333826
25070216
215528109
757855361
685494784
339942
281252584
320381565
493702115
504715982
440338100
820329020
216650680
711145206
292599617
586639858
461929395
766531559
834906671
422364507
715768115
255962430
434499362
616640992
747292213
329629602
26605277
586750975
582073775
463069760
103584782
436364099
152489659
67889051
910834787
968611308
720407669
409327469
386907061
898772611
312596485
763237892
646095678
968150672
905132000
630892969
94339186
552233324
18030124
992420861
559318533
809859461
504218320
766024246
193373205
58793359
321660087
450542283
448818562
130099204
945188721
428642031
975067576
262231877
902772516
447836651
964930931
286412828
776199688
554678038
930097077
2195782
170436390
751294184
587161071
406578067
790767685
879017218
682593002
651861349
950772987
163288378
876135455
511899434
29076404
173860963
962717823
216930490
102582145
372585440
29412806
857214266
143936676
598763760
442342925
103907548
301646846
217601518
663846113
721803838
973092900
636573158
104552538
191349090
344111065
196507919
889308380
571066
190402077
206368910
921630941
291760269
529286329
126104549
319106933
753697381
98283968
55144181
202268615
945795542
518425730
86220042
468574749
992313776
312162918
496165658
600368528
664571160
171725197
133045236
366563858
150040718
428901602
822295033
603994862
484209346
926644282
50323201
933914894
99345
741895130
374786312
383466899
826974292
844307377
462743391
958183666
823710961
133069452
228470735
869007057
939303555
3951841
499077268
289480282
303322784
276546308
644160209
430458394
48870800
784696520
26745803
851500632
980015018
140135764
93391086
213757762
522718175
667905319
808948762
537271341
99759876
821114423
342043321
492862726
142953229
184107151
77219112
648141000
102998586
529708003
658458083
260396653
313748676
565539461
660097984
320236828
59323488
759127748
730026358
383287892
624833567
281340092
758083493
365788581
103348131
113301824
561683014
993434342
858971969
217284758
945071902
498205664
34547932
164108102
571125023
388226630
406343213
153757605
379278287
790642992
217793991
467663713
826156330
556838337
495527407
475184106
598976782
408716258
499474137
450246829
797321163
445882633
942405551
531158390
443816460
85361202
103115565
300237355
3251227
106674100
275045430
104521384
157354617
77080755
123311530
606729031
341974311
984725572
452781364
670976805
251177163
97854833
53664371
630565164
321506537
402876110
703362692
435609640
791781255
811301947
112527121
257241604
194722967
936900778
323467988
151746764
491152745
787025904
789265075
253871019
541798987
757504228
221480627
779061070
244672621
51963662
833801275
146332120
503287317
847560754
699418059
470037234
546410571
904849828
86455935
98054306
966799135
495919896
868653760
765987529
4108703
381864214
364641410
75469699
339861342
545963515
436964002
536013340
267504791
685585224
509568265
443980342
12752573
536768289
830646319
405152521
469130193
508358131
943466566
198224773
143595746
354771893
473264843
908250662
196737687
523071566
970651897
676285729
873861996
366765594
111437726
199339599
451913346
927716836
816059754
356523810
646098482
327973393
511762437
575168593
201673645
49237442
460581670
959360090
158707946
236334869
869423986
346655162
632875879
48659945
507917228
286462943
233970640
554808608
511250330
899110590
846527203
297549334
272296155
18479413
187561505
980682305
186542194
827702336
517404890
121666281
645265885
684665618
70805577
649630197
250106193
42677626
265106799
660244630
850695813
686986468
932857270
909202845
944905690
174901487
464216700
761744703
676245596
914710310
840769072
130839857
739770119
376196973
364848861
385226504
620229173
467316700
873005469
136657116
780519225
220150994
663660529
768534420
693090059
771195009
518763112
454946177
491410297
118054790
200806978
556423097
12936866
399711401
290543364
827030178
975643420
666423296
719413820
15322790
939003466
681260445
181996288
576293988
761017511
99844113
709725840
395073015
481319989
395359813
625776318
242094227
190528227
852489863
806937666
625076326
107725272
80643431
569747340
677189118
606682366
906402201
644946292
825946354
219350683
248509589
14334610
607540168
834614043
563231904
967756623
147860399
354465040
218396658
788691061
339500791
597919179
731735281
615087181
337491678
622198333
29078220
897557847
170251456
179354327
279968636
200449735
760393542
557962531
39429339
681714660
49412358
829960870
31653292
718842174
295499616
157663278
726332023
745859503
243905884
61245583
906400093
924911238
581916857
620500473
185767660
837873304
497858813
25500519
553114583
870180173
422371984
908222868
75865965
593560864
449794527
392885087
211336134
305773692
708142929
551363662
148938488
682383890
337515201
183987604
956534356
845371565
408305847
680644760
970582289
958039406
979369708
685286958
445913587
536029057
673840136
980239006
305754420
598006626
236761677
920467130
139498842
401481039
722209785
868687685
814371318
813144732
417353761
975053905
695360245
715464674
799581583
678017995
845019950
702915844
606628408
246674772
717588597
747330037
186941279
76358895
374364473
744697581
817774550
39616730
267737640
978549445
752140975
299543012
125685816
943297260
139011467
849580435
937029158
254461938
201824864
530021001
937343361
65795133
616049808
445583380
853565148
106388704
572065860
31986006
226369360
318325313
744841330
512238304
888886884
119960084
295019927
706549985
821935824
310086524
429880585
753987160
841621429
603383203
788762016
860225445
3516140
489690972
116905330
293330016
712795069
998646755
152376889
899329613
202802234
3054044
329750985
489828622
139040875
572547473
145591869
487222665
455805847
8868763
872385560
200098814
5980471
740516746
816987664
75986440
362609164
308055465
680828477
403171068
821810077
868665655
766096152
139837858
233064341
792713293
756132500
740720349
57169713
104084704
114789199
578610472
222898603
196331124
812161078
274892060
571891754
748200330
967823614
787795949
74809176
205079853
949981814
85107593
569456884
771105105
388788884
733681723
768234232
132447317
343881011
1971333
941928510
508042404
48085465
118190956
805235965
500904389
568492090
255236511
494808342
932326975
32733246
434118626
536116016
790468604
528243491
884627631
540428837
936786788
912088410
343970785
202234061
73746864
167416242
941566976
895059420
767611365
958414552
662646850
791458537
439354622
774232373
60987890
685424571
776346024
810566740
842217632
887300880
995142823
31328075
257421017
973823844
738348585
978280578
962431608
279295814
950285088
409071153
853149356
924552516
677689794
576971458
574319875
380691865
428320566
73404580
109964882
124189836
842371754
273043338
720838658
289546611
717515198
883334958
228993049
750146589
282351342
977172540
816011388
154625515
369543310
953070711
730650803
333666180
959150023
772662803
795480412
452454916
344040925
447793169
981889474
158767862
492934350
977387083
782415837
973674788
782099791
524121775
406089103
240268130
373004207
490501997
799397027
372253215
148901276
717001421
804202630
200281163
244736277
652360544
57987274
189275808
797116614
905767584
491676833
352299072
540342716
554520180
521040729
528539690
184695828
223401539
430061049
501493266
683661835
81202951
491605046
216904997
427361656
78016192
427487778
196882322
138096049
748537988
597171894
282576560
465760431
546939385
519738633
279567727
85705867
526419374
764863589
173343845
150674507
524753514
578093213
774636946
423540521
521915852
271059413
895552405
969875003
401483394
139911028
380495823
14516942
123777719
599087322
121040982
282339899
817129646
136266024
727181363
504500873
82606206
521041866
913564321
308913004
501745663
662071575
779291592
712368713
456837859
96631612
436815729
673661779
27888701
689634595
5104310
286882462
61316696
420907549
231176160
368003465
796665823
110181809
416719661
517390186
42735249
883455061
17598174
805690849
613114499
497411637
852884041
312390963
715606623
315832223
657951255
636911991
892724148
439670535
615525152
240152152
927797921
717827209
606410112
31036177
319642174
560637075
822334446
580638478
117789377
106587295
484480308
998407578
935779679
159469834
714854188
493451780
943796626
851975893
282149471
342514563
953893679
260270522
426176724
581014669
226391815
40454725
884151655
648638867
423560020
716335299
709672652
698083985
259976763
546397187
118013563
760769133
36088931
659320078
450985034
875962142
535188423
306955581
498583518
958299755
752050684
698047972
12332704
355298633
604989610
46841968
847468320
923328220
138233964
996378264
655678125
787170323
200490924
466860038
909922206
979334603
818335605
290288345
471150275
704810094
810876055
273867473
926032522
826454834
208106670
192786321
488939521
19858817
895369250
380104251
300706089
509356071
375702565
640270816
249880546
424274081
335581794
44469959
526007387
486535030
580316646
977792152
844876675
255215490
392875994
566373069
621543765
485227202
164474136
725515142
866890536
171968074
14266836
370462797
191390920
475484283
528810280
582171324
139646890
589564287
360115314
699151470
28280467
664829153
98142183
793752486
323545978
437330116
366528169
93626109
771383587
594611326
144188870
682463339
989984865
127111523
159999680
406444957
157242812
102315022
710054984
862405353
606292816
633429042
616585270
282235010
473794331
50003426
301464739
492081139
394025633
480003046
717354802
279935036
706073619
277241193
211810584
913306236
257466692
189317758
820487205
243081847
708711149
146349967
219186849
375765494
399229748
17527558
654207147
206845078
181011768
775163263
461249508
572413148
194519009
771553841
758321441
450162639
570456970
728080288
732093109
250042329
382697808
407376089
756454568
365155844
730342189
685207891
205410292
734419020
40667076
961939483
791627738
818019072
355357609
356068897
772177066
671515747
553664518
909477612
253530131
309650260
509798752
818063711
607709044
695801798
361725260
409265868
756766175
412736626
557920997
306113349
409293328
553010074
364045234
609489522
62048231
976560229
749371467
393664319
16118461
138608960
303223942
240409453
218288684
524300649
869211617
136545819
768618986
897775566
56714062
751807293
812502659
870002769
396316983
149408056
699368186
369071115
647458939
241359010
712950078
170534832
744136346
336381370
907130334
323054427
523412499
701108177
81657324
427633707
328252056
144500857
490082985
763676958
901919059
217108182
547241654
287219410
216299352
77964934
984477684
678665231
752277874
571880996
989248184
920681635
783332888
783158962
517110273
619828068
450813937
433812224
477341606
90602322
481772458
478903588
415030872
71505121
249379946
608648528
83179175
466834790
287512670
138027891
469252113
506443135
898399496
443782302
503186417
901770814
384437582
16575275
199256104
342434727
729394422
628407649
787969935
686902795
137428384
895097590
15995970
684346877
504704899
644442743
54843092
487180689
62317220
628688834
602907941
727253674
591717859
417179125
261995674
573175001
383374250
595683989
581830240
217041385
759876263
112127245
656455764
874903763
489385597
595398749
793183665
278617670
101027528
953509595
591087421
182270848
715586734
123372405
77601398
718124959
403039358
174629004
456521660
390764122
714814497
333615096
147752746
78625886
969050741
88679549
410585414
275408752
468428793
179250651
22478802
155980942
979545043
914955202
339996048
36348509
769796305
455443654
832249403
853725396
353438296
899538151
758953849
844880311
681083194
771309687
770624497
277407747
41851734
359427755
55649340
6903777
333282733
312503340
763046867
924204264
499820017
139300864
309750449
322943079
427039166
724705688
73207933
291255679
440866830
146111213
312897868
302735448
56971966
568594379
145401446
36376384
452485576
958773833
411305547
355307878
987500877
330874539
733230362
995624788
576329858
314528707
812630128
496012953
400374902
606988196
313807637
721359439
459630951
690777919
55269308
324262243
843637367
114864830
367277617
313773772
735633733
786202517
902367207
441419234
646138488
347954516
1687012
420738389
679464296
848425371
304034073
678169879
397463436
589254256
720023055
655300413
114778549
748485781
164409941
583594713
913429675
424775569
48695587
845768776
284003448
499983953
995255837
527116174
587459603
517941847
107685337
132201614
167785735
586601818
824030528
464287372
108495674
670571158
659515464
177015739
648262462
548260792
464563245
927676533
47065417
35542932
776819172
154890930
554320285
727886167
966838161
303528710
244354532
505843111
980763831
170618618
582397022
5843353
365041058
803864326
626196290
513452645
557551077
46114661
517022244
817635826
69334643
849734176
644284930
596645951
232060262
179904145
648735182
255723180
296978325
879531700
158062156
153486495
363633920
996582888
318186199
748756386
784080121
956240242
595597940
691204819
41947528
13912405
137058702
601835831
522290888
726905582
890121146
231743085
907059248
968211234
324258957
416774988
263952613
55350651
573494673
572517789
492453248
44250571
368720840
984975988
62549212
330429858
586471661
857110723
107098798
723263285
243821319
627147456
980876691
277230003
898979934
299253200
684084331
943561480
830358671
755923795
361280056
714138288
207349194
43100073
17167288
229937812
119964876
798573604
633159985
145943833
68141038
874054733
203631641
9890635
750996784
51424382
894351826
70622603
71411009
819297998
143767138
261205678
157172171
820202356
751850709
52825022
192761236
817925299
400795764
321573293
894193420
526810509
887475748
305151343
524194354
992823872
117066855
878595865
250975399
213208182
887908421
297996380
484008328
266302437
154338981
310373667
32782586
399889547
538806670
823104593
223086506
926984810
675108213
680320940
516597159
598552487
69694323
33436916
80410517
271923275
511452587
393146688
175600966
968280655
159579019
623513676
742743523
934856632
559259341
891912154
543922827
712652653
654959749
731580940
901493836
522347964
141840183
619805226
569447638
591489913
957858832
42628013
947115484
840494012
841500141
115284196
93482164
344746189
865067107
687696600
436707643
717514596
188649276
508328154
609330081
739969413
447494906
400342523
326857380
848674373
664436604
258311445
299665930
859478075
640944499
594977200
232533919
810511243
460155843
653520111
53830277
937441978
938081698
50379617
223989988
688753129
671070130
399499253
39803129
816939362
441674889
608095037
117804452
370746604
29201713
428445763
535101549
979712039
758122959
118246043
143936719
622852333
657738427
111623966
59035023
303901673
721907848
846589705
162094033
395965525
896608753
237816591
338819797
778377043
344081873
96821754
617479921
429837673
8749933
345493075
410517522
664786474
638075910
358632181
887675457
351143728
846799260
66037517
892272057
559930571
272098182
396884387
940893299
178971018
787381270
807825289
97321004
539479447
113098795
549629382
875082663
515380754
669043850
272709964
589124486
721847380
327795152
315223784
696072367
984383879
484394238
768835804
656124623
214711804
65709001
395388593
28492769
26086798
426294165
900339999
351623163
553036323
929294200
644300365
112514472
127441459
232180669
10802199
625166143
57992841
416793108
692498870
973054667
365392111
946381820
684090841
118619399
327238735
500604760
296492138
502977422
421368586
410688072
145169164
147642202
297591928
849604106
490817276
374362637
97638382
461479342
814810461
711176064
443777742
998614602
248557293
357091399
603131614
381199379
552952647
990406331
113664839
779906383
534995984
888620862
899443069
966916822
126293290
589607461
558591068
131606481
37676065
525429267
176119434
664196378
315767284
596899612
855241190
646231609
635412746
334040733
301427087
755571688
835015885
640628436
564378634
233630275
994017147
213757879
713043221
864249822
484921595
43903302
471212857
257624949
803115066
907506299
111987646
415108929
829017997
282090975
36005598
999496346
458416381
361098760
850561786
265557795
41512857
460986711
186851863
706074978
547094179
211876749
391177377
234832094
251742799
34561930
975504483
577062353
415015342
727027461
139712566
66893640
542202897
477511329
231801451
925520999
571385043
825298453
242418806
716419572
572823769
116269385
767099706
375966011
67351798
989474433
641013395
465227740
753604919
27109880
263431362
924352537
855442116
683385023
318491390
282985970
744329229
518532705
45128481
65123973
755580923
866032622
664722945
579451851
960405873
246733505
184173069
737221174
82962394
66774478
705202930
562320770
721162603
748014482
376399013
373035715
734189438
972069554
850274105
71309388
14604452
295583872
934750121
518505917
602288481
304045712
466646440
660808882
487019279
238054907
383288173
611163934
668279983
921769072
607479361
62246993
207252030
568819114
653906708
717880901
962325130
290427340
206695464
884779815
720881809
275583351
793554469
980056093
531127563
837798761
132957625
960099116
694121255
921192184
187292867
970054442
73672764
80662038
717587586
483959921
128852202
956940371
169221188
627184129
835734025
864039650
922651494
559156881
649411287
384655533
379105770
700101209
963783191
127200791
867138292
942331885
236681018
34859618
626258615
433574013
126688381
665273423
675849106
6377915
79110618
751961518
674867050
529049914
396557205
252841090
855548901
233670314
854695068
736301676
646278463
834427619
870432996
936948564
736058990
928645270
391486424
389920305
187971115
319268312
424308870
632102543
370092709
968325055
745310325
392891986
3383226
197464315
679297296
887422691
277503333
520058731
372096026
90779330
1698140
142139137
422327105
760370026
465804895
515871751
288373120
435306375
833077264
996130145
120517177
631794503
81333513
608660701
886934976
120280587
867320625
571697817
128146288
711927137
882466089
964440696
750435513
997705862
519040493
459068395
238075886
357455566
660430510
967821076
499088383
324559269
502949353
344271254
712687328
597893834
946729249
977498117
474332377
906171474
963742865
196334305
204419310
941475790
571180952
191497532
935173116
522087680
125155469
13683776
282528850
221376053
712523504
910161493
790841870
297568504
873802205
42499961
145887709
578878439
426410648
340760206
457672764
443734714
196243108
545771373
230275318
816534243
77194308
609087017
58659589
429629486
832641643
194347500
196054337
369892757
253726868
444958686
385074150
345939884
43884983
385934347
902011084
940149266
430424376
73476314
680194380
207688756
319724493
341835456
659564024
782313771
69654959
856056035
594702505
582426582
966061418
711146840
43565058
257777467
198485328
857111393
222848068
453823945
594321078
727683011
556350404
105061976
836334536
455151715
126449239
636558096
973134477
44416862
887944980
25144093
705798404
739790953
698948254
802116980
960271796
96115670
571274561
297858492
221547891
667446552
551407540
244174322
127855541
833546344
135220293
421425034
972733037
35736570
722345098
754512490
852401772
665041043
84405863
396208698
886286645
523660420
64250289
177344563
130526785
967684494
361903565
106029787
101338462
840404755
802007120
974737037
824153339
886546295
395045777
61436039
335647690
883115970
480388834
831533702
597927864
628328846
503933174
526740925
497901306
555704398
60644185
467405771
759212159
320532575
746004854
573090477
875367985
568261928
583082190
907935046
717195536
568741460
52055331
321375662
606990162
87535871
180451291
464760084
726198494
686679445
293629405
531908749
679762157
340645287
942664986
916054881
138409365
432275035
46419390
777213257
325556701
104325839
755362952
897774762
832437558
351683681
29464276
968981217
270363158
333613710
716157585
132956959
158955243
335030642
495310033
853742235
47378109
855631861
190429268
382163824
718488435
457031258
113739211
362584908
504373155
623900454
209863549
185646239
154480563
482078766
655485220
609772875
136153476
394287398
774583164
676408894
536890838
412914497
347944307
31431253
3914509
599606788
479619612
817189897
716125698
480063313
992293588
343790898
728020311
360436739
588994020
788651494
6586452
723447034
344135190
976088310
967794936
892515404
754274988
22000722
473916091
764647575
727364132
185783221
502039744
529151033
850376928
536032488
654679091
496979656
195478158
890146662
872436973
835401031
392247491
129832013
577664350
472640313
892668762
293502428
667808157
8779143
387116357
747950207
162592975
348276179
353772629
153893028
353184805
824681690
475802068
558382313
574310437
193025291
724220937
958490425
183939334
870005105
371275514
739015370
291061386
802592406
70812606
754474275
968461111
543779019
318742810
368183932
404083393
417921423
648410633
270830647
205878896
31828255
769138321
404811518
560905275
902371716
313174412
228769246
504430994
693851244
20103722
143026939
80150129
976371203
32752427
845026572
806527382
245531618
364491868
537606107
880373765
557247714
520487558
67286745
459539351
45537864
397888337
76467371
616825156
729087683
248035816
543193403
967300332
299622822
395600112
356561571
976416103
949767790
644189502
414369644
918436091
133730077
43927447
953643655
983575970
263795070
217950631
471622715
534367966
460688883
219960601
890103304
402876815
439991115
731596129
501611003
520445546
58287165
458628899
314350082
93736191
640749112
875492500
899665767
116418568
532958967
465553932
395848033
211040078
282196699
834179196
737028436
714073694
390715838
663403261
364125560
105576365
107977265
478642558
165528322
393649833
457658427
8101245
278476162
953705474
408569707
511984950
961328452
368609144
448505689
699204385
374709115
240136723
764427355
731525550
450628357
661013375
679280353
446490186
266975659
959793564
606385673
390128687
747565272
377341704
546529658
687607446
256229362
534523974
858862660
500590608
385605336
98895351
552950204
531527238
201647197
195199412
87657376
300852735
332446406
611263345
899858635
588102752
286620123
607412211
149851940
240069810
117389500
689462293
345764037
316850892
861044369
78428473
849991842
658377758
626942582
760084398
4420914
199318535
304437065
522192876
559508327
161287430
746358066
932802557
212693747
533888191
372700711
201533829
255708375
271776124
741891542
744345487
448421734
376027056
275564349
554619708
42510446
708888446
335390381
129396943
652152554
660537212
834289130
948201638
213591163
307238643
53178009
430586768
575809643
480643654
426117266
965689904
775259310
795167645
369211019
155678954
36377737
715565515
431043036
595887792
30668333
862220759
514876320
469714810
472790776
731258207
240419430
192441381
841241560
527326022
897427392
481087956
679232421
135189889
670586734
391638048
153336549
767626928
491626261
399968077
333069543
310960114
529888978
239633803
231179014
221188166
563543852
358482956
702786877
129846130
798379704
530487273
357345328
838417052
156621766
495309043
761266759
819383187
145542430
426990193
986510157
599126779
28827241
915487277
877168488
5107433
202865520
629580603
247533368
578581245
477469293
426753818
716636997
487140417
757641861
300420828
700584360
501757608
349635957
722696461
630873109
374892428
228177587
447332879
511047910
288669911
855582541
999098621
34011815
921426407
302970793
825463002
229605274
130143948
785767298
773020933
263474599
349721731
154880611
287341850
467821253
405318837
130229418
876563703
162053807
989836980
491720295
934361240
625051499
477423841
410492554
498101829
458776319
741830526
455727470
586353880
378071717
675630969
223480243
463549767
558619500
151743667
389768567
74215908
138600270
284222988
742482144
134283766
451554250
439642450
125579418
558133850
550877941
399237244
550043489
932139059
999448131
261715252
400543491
410794903
557819077
115033163
155892348
327030271
992444429
561830248
271143763
509361988
408761522
415167568
215931565
114164971
583785944
578270048
230650310
686659417
820695102
29635540
348827223
285063586
386462023
170626251
83374126
223785717
963463298
142526024
965963900
952565296
423057216
251709652
524977403
303340413
452635505
349372446
611198876
56775086
513709700
151303179
68759837
519658582
225507852
959090424
823052479
634851973
244064644
71122623
17258349
409490961
557504486
14521214
284192986
679021005
959985805
325214246
586946082
440506222
912501298
888296474
193950648
370358531
66738147
557050284
996855440
515306502
803861393
449979116
890279689
284320030
788870245
290360709
428464430
708257423
517608376
78815954
725431325
607320639
703393827
15604944
59470446
317847954
686133119
173020541
11130063
604675799
38414328
78975048
94181383
293595798
725842313
395198007
771957801
267008283
287998866
931243989
587877521
356814159
751992577
951097030
903155554
883144989
605402697
361745706
751331474
603549751
946387996
314749593
98270792
842050648
728071652
854357633
829026356
930334923
423077408
268099167
13678884
952402430
782726616
793057637
796689116
401711664
246884083
196857024
281674601
147141427
730167226
253190908
397764069
812013669
632156215
984695527
432157379
388016553
862597397
969389670
540600143
614938852
731875730
509260176
893056310
594451063
712380052
54658846
234261254
131778769
891740388
518010878
303230242
782476906
500397986
278757837
37796739
517733851
418234028
171035199
186883447
893437671
164037109
536454500
328423914
724293325
827766218
204942586
847793141
110081106
636006487
74346618
96447114
544954826
313960081
704453404
274378638
581487940
721486103
308207162
217737070
77903470
766030874
51425481
182229311
820549579
573606374
84728274
781805536
484295191
525220485
143317669
217784860
646980571
217262990
963392404
725813062
746445972
280163161
782683808
339098620
901807935
533741035
883684680
648598795
339214356
141418060
382516928
551046595
30436539
290912552
477391217
847449978
151324507
118751153
105518977
28254214
574530076
249564739
456177410
852499026
692579905
949708250
491996619
625564421
318757195
33748608
493528025
435069325
198536183
152849083
822628285
750008874
558965240
921377109
146424175
953942862
550078295
659401918
951891564
90494917
543187930
655901676
337281454
731351023
536502797
318182887
629369283
200167153
105042635
476310068
111849698
288866054
315749036
754519993
574211521
467625635
187777905
357041306
880014158
404489526
507058065
989568033
700842029
608256101
719880516
758233712
15195600
808635097
968921413
170408476
380579924
476099632
584465588
242018599
24911002
948218045
879470992
178791317
723778197
832230895
160374145
640936247
917753843
62565007
534710283
467397564
146470142
26350031
558131229
105373456
82535311
526253359
97810329
221784105
314694831
6694036
461460551
321395094
334325066
922425883
617878112
79588622
72124029
648406504
350351805
347979267
540730746
667255828
110403248
849174470
964743157
732180788
63485431
782524552
19330795
262048863
883485324
981826376
552714230
689582222
95885204
230803017
469750830
995044544
218425175
344308922
545240623
790585773
109789364
381276185
332750677
768988938
863481681
563877814
597474947
329827630
564727999
998875360
329655188
339604076
500485140
937652428
553368749
836076975
330941628
578486991
763466871
85092574
274785665
181753866
247305024
680131435
466267521
65355753
346088836
553361764
683679104
670595958
713929380
786966169
875183546
713182890
157526157
185860953
753207916
147101019
567797198
469432571
516079848
777417888
115363544
385256719
996685148
884235996
605011341
584371206
55909315
133668398
30803036
595289000
881120561
786578917
44842522
355624304
208729993
658277804
274546366
144018024
856439058
614129435
856099643
803156252
198956029
369641463
812047752
419202457
599236391
420650171
996663451
150072690
270898742
965134664
361361581
353787733
19608689
714175420
23478819
773991021
874785124
696042397
705530177
107830491
835823263
183171188
739944176
570282192
899702553
641472712
419275280
95310946
517397286
388989420
21756005
51555111
804285468
696700602
821136783
140845484
863881325
673635965
979282933
124735026
861295303
938848240
744953103
454589743
930679332
48946154
599955665
815910704
474081784
342716918
657795365
374915852
328830713
619433590
562728156
169609579
719951684
579278919
757327775
502241126
796221792
227392171
428601085
347973281
791589066
956822237
641853643
394753359
971298986
624953699
784233962
717224850
363532609
510438573
299149666
763681382
896928473
472246686
734983248
768294470
53184880
164284178
474015220
585538728
660675457
34157683
959587303
515910292
577183653
268800358
209620743
829764135
748294158
77288567
46610809
118385765
404415283
323241419
95696332
613827678
89016570
940374147
592022200
54671959
343519526
592778789
896033540
412609001
555353439
625648446
167467361
204676296
126120571
227625377
299977053
305852447
804995722
664051662
921778820
237046412
822044515
59123794
327785654
368889610
471304711
882347246
787005004
748290890
980632734
910727963
395814237
629735699
437905250
561320859
738062006
559053663
527759136
596048343
66028932
331705475
891319834
870502763
83814012
569437209
550575717
491996073
931970342
14118665
452657420
947890033
138543444
833412606
595251227
107523701
113162768
463965019
849378631
288398300
282807153
367150799
351311830
148586986
938789888
248621422
997991270
113924381
128085890
268548686
926339432
294992019
485891466
872768438
644234773
664601443
718406601
927266878
346888728
980398138
772589680
891184180
960231817
519557292
847452787
781048370
41673623
890770230
880487267
857684074
902872852
515057133
751557056
897420174
177022668
287753252
302563940
837739783
178077261
836695583
33714785
328192678
924592675
463977488
468616451
255177540
604752396
84806190
918979698
192576330
288407344
313326908
958779018
409617905
476529545
10556696
557405611
274842495
295609520
506346922
33016631
135885956
452271804
798987393
151205200
720807783
653645140
861942694
26903800
2646604
920328933
294725317
613384124
567007100
133701629
793507967
163256269
17384205
909227084
907977220
535141167
664251697
81005127
167034457
51589315
170467440
812893963
417527716
493931769
128973373
501776084
83482770
683915276
669504321
879267530
462740956
446572709
307808709
655088259
887313220
590878951
676373392
762264267
52606876
731807566
847164467
871607382
628640694
378315640
779972449
649810588
145736896
994293714
15882520
378258625
294377246
91669953
854244462
283484604
742420918
572355047
623782846
341212600
36303965
956701731
801393904
812003843
435706895
583811211
430157574
920978669
728858664
364885168
991195209
720397698
806464239
716706491
861797605
73277522
638034934
629954832
683567821
50324813
916047920
999668700
847699153
482782081
191604542
911843374
126597439
181549781
125455067
250324505
322030916
93745907
139119370
918973248
720092946
241360397
507547008
212999162
839017072
222743916
31101116
523963534
160864545
739823090
949664762
736700985
466361924
325118593
345422129
909739018
495746408
362376587
103127475
371267964
431868311
255649031
586676933
808903113
751325060
856316119
874865091
601376751
518306423
444157552
175656626
146664427
883716953
347741124
478550732
731915549
295626346
209757849
44752808
421929991
881559160
984907406
795064845
855868009
554797443
871091387
304174059
296999820
969448990
618193271
467030416
484105362
467943888
861560636
567159517
527261102
579940284
699862265
523344936
183026838
66778036
840797576
521232964
13526238
943461478
501510519
235866681
486066295
344532234
516003999
993641226
690465498
532284814
318617473
378236212
657669432
991152142
133106570
90260898
919848910
682316687
123464912
952425142
536131595
360681377
927816076
354067850
375396608
179722326
220210932
152384730
626187407
279787367
543207153
183955263
933010932
899051502
266167515
953864535
707154854
501871862
709367094
822349270
808621430
610997468
284614308
790081219
78183157
499412543
314816708
528328764
933514132
868773155
115321449
12298905
750794603
191895535
818621697
355586945
166407240
569821609
717651062
687323875
254388651
418123420
58743280
291862190
483557326
469779007
469553899
750113274
276127910
883809481
916205839
884617618
395911725
705546828
976749242
733878810
363645818
267850569
385288379
648274076
338729821
268638933
891852567
823758740
961567806
646481091
710601090
337332198
680450176
258062015
152805860
590975876
755324693
860163796
433154267
814810396
810035015
696082477
321593623
870445474
73597237
259790744
579934365
706197642
339003053
225863301
572835103
799810161
500927808
251211182
385680862
961137974
183223164
75732604
718379519
969534159
552751827
961267876
973504442
688897091
643776664
456111034
697558186
715851915
922802668
619543773
130293725
75004113
58062700
51727535
61075057
297549919
249869347
197347271
189041211
284042567
982222637
962037002
114998196
321143696
188273902
413093426
548910974
547985424
256376759
817268000
340306229
340953360
270443364
547178558
491152100
650990333
778146643
57619052
930003116
631477374
778710050
855530639
651351600
636592218
704250161
599747341
469459784
952041086
588952385
512183427
891452952
229687420
780270804
34157790
721753659
223595516
623084938
203078352
42644048
269551871
66161452
553309310
305952396
628335707
366356664
252691637
116342958
752446729
494348103
481159459
213817564
291305050
521738625
728803326
883097550
49465418
564566589
641481629
993785868
415571024
217620329
645440558
360046371
605649067
157342346
324208241
680251817
814874967
731957376
241675136
709912374
998679377
307288191
971827754
243174326
199563165
930323448
894182633
437862099
964847838
780196324
71384752
937826874
930536535
612669321
301998889
74708723
806508196
370893307
743965738
286702105
398965792
856282664
793391581
531918467
389728780
572899459
216195231
209704486
841168863
449387448
959606147
639051153
859531680
99699840
564541942
14760590
140289054
103824208
411637498
305091123
192212798
836330746
294305406
195840324
946430696
519498403
95767238
495771637
517117385
702114425
714022851
193631120
515117672
111033685
900760164
848543879
178257359
199727677
400707765
16545962
347636190
885495002
714655622
841270421
285115846
33806722
645126509
633826703
515562557
500896000
483273402
805922880
441309983
286860111
264332237
170067961
712237045
984262353
647544515
212901727
826868192
925613934
902681309
638409362
485244707
77593270
213255449
898571167
78648345
709951053
386031642
399851648
267781324
566310763
504252882
244757991
775250835
824638456
387077908
299414725
241582033
431940269
472240442
867655096
377622278
852479853
76343098
948446452
675540522
491303071
411656135
509491079
426989704
322106282
420220948
533868215
885594435
987725933
542560848
74889041
293749821
201003180
367011452
8323284
108567246
762394861
700722982
123334142
437882927
364551465
863936353
895106818
770120382
382538394
477230329
870303590
841454693
891674871
719083213
859752175
871087047
391043077
305174280
945956659
47260852
725191259
912271406
568605976
749438514
806004358
145496459
353773417
852472126
90983147
544398171
179161396
205123406
465923735
1639893
221139637
376547008
208339042
933686271
138154369
853764328
516914438
656049089
96363618
367258172
516184422
284142100
914158688
828765142
807645126
353923468
398287807
722842265
36533439
89298629
597838899
245458944
72744962
946821238
562951698
885855601
525028332
752748431
714823318
960603077
950509183
352737574
587682196
682315934
700693554
845958823
638861833
283692752
350157477
371101565
674548405
216739289
321631361
194391713
573184937
45595092
219870320
227209843
764779005
576593491
3788990
368278141
113265178
833798047
782461200
687465086
152561192
530051976
782811156
722346544
661012137
488822020
997256861
850054169
545123090
855348087
343955411
772120854
117665880
193741944
934912082
61654180
403964574
533212281
961716321
201523542
356587940
531920965
900313510
356660109
72564408
748698147
702769950
612198657
353188495
573590261
826345157
630472519
456865846
155338725
351302087
898890115
577361911
413268856
994672097
818835919
905946858
95538961
49333288
418800338
556774310
56763156
97536854
674820413
559744545
229397761
897652494
768878449
164270697
87732424
490082401
144136375
783431876
171164316
373691678
104595544
157696115
885015541
463862492
699235903
962664705
620672765
205763448
809312318
596490887
168078585
244607680
377790206
530609765
986522733
198828936
886553501
757825806
176703139
1299868
342482269
738630476
992368110
517066039
237401369
571271756
417914751
921742981
164197827
408191872
127465899
875427721
914363071
573536872
32822077
765683956
893656571
716034622
302772429
716381410
173466699
825032087
195162193
697055804
749972076
365554444
52696362
303525769
985920045
808518886
172074436
780578908
947250063
52628765
391902639
811150469
290772097
192585332
260445685
695734749
797063864
620377839
799975567
375531456
281337422
858377298
7536976
669631746
478146836
973270593
180820842
663484520
566020187
275350417
328590197
843477151
200231015
332656052
107178939
26992306
580070389
98458620
543241892
724352327
138902294
180873927
790846777
923630625
995335464
946416798
41704718
571180082
40230988
911047515
494530147
266562150
123590846
831933843
584445783
449830675
289418910
604470850
534561114
588189651
264963330
728683071
422388244
26860438
445008330
211106267
783677517
786692146
3808094
801878976
798081203
292539975
487443981
776408298
155096470
678260774
823965999
851544075
929407760
937532583
521191995
580850572
99558419
312849378
747264871
132191777
448142256
426269583
52577336
396266957
791169381
297445321
969764599
100709825
526809452
772478493
16160623
630676550
242528599
326801463
615004474
802317127
122940504
747585590
265488828
887434935
405770018
762256684
927789041
818179198
688281065
484981107
110376497
777253614
948287325
973279057
377779339
621665202
885410755
548981146
927183981
177179028
372758642
75299751
920775160
333125611
822739784
954462385
718318214
729263187
123529925
506957695
286523194
819030151
506627038
893775099
561731271
466019922
967799690
457969649
299350733
185950734
734632700
23047584
203718267
492165771
387881925
91549257
284448843
506122582
427509546
566391611
382065857
25098899
254680155
715028623
597444491
457059668
498327288
707999107
18738815
48157040
801765026
842541340
589830858
672089198
605543012
914843475
663020189
734330751
654654549
196139844
184706597
375015904
301703541
527787128
777562517
192512266
847340621
33945502
556261177
510113624
149217332
811897724
392544255
210301416
526161953
529970420
341775056
723928719
155525256
366975985
728905064
966129054
266516780
914246969
931449873
648718801
552388932
544265965
539588314
570113787
395291408
361218774
519366796
749559208
503585509
838419189
230157101
57052399
198483546
458111757
764991183
802652642
749375910
488990899
603399293
326506383
929254998
212458160
677093499
214840496
505214198
476038806
966871875
499085258
516096902
427564633
764061798
172421409
127887337
953384945
528857939
851131961
460887633
589146926
942056294
376962241
284222361
786216726
267451156
947007182
196421024
367174882
979104691
452522139
749036870
973882645
863794531
612791945
553627292
815149418
112942303
43310110
53626922
913115858
632871969
955068741
42804003
825505060
793741269
97565988
575177934
720082351
281453076
212732611
702675385
702935855
874535295
200243121
707287890
410231626
606987463
265094875
185070274
149815713
806770511
52673152
300656022
645586513
383884173
438638611
651237133
549618596
469672503
455253932
826505591
704630707
709155836
229946424
802895114
278695064
129049660
880351413
900311346
68131630
648493760
433759107
577149360
935700951
217974601
675819790
256032432
539723774
16764601
415428866
2827279
869000413
348573552
450332518
468841189
185433713
364203853
978620702
493063613
784248560
128226491
525124096
812800525
790568909
435012313
286215737
692950876
515364306
173709805
190680440
718982487
779857570
535204367
770513224
78186023
158734987
976786899
209858804
8419770
325428111
528276621
22212604
231077014
382705963
462360963
580552796
908439105
59193216
982400373
931254658
604500006
841752630
899461037
182441397
224090958
69718421
790269302
134604158
652087316
291184758
55949214
847530373
746913737
963021854
715303246
951568013
146142233
514541011
170566085
369032764
285744203
879312843
911422280
58024427
188235822
297702801
661355888
985477795
264984809
498583150
573258945
225642458
308159853
983795123
970420033
841065988
901677627
424399794
219410938
388351551
333548392
405639858
491755899
175354848
768466038
858256291
595206167
159731868
607457813
239188922
843276266
712293382
263473778
959310679
778399239
854905179
196928970
506992302
498015619
826746215
162368531
844476517
421170619
135625299
31382745
785027512
372942577
615919131
836498057
81016548
913505307
606481810
785836292
929143678
717337456
919611798
180346705
882369016
375591438
926357859
281420753
586650152
309524607
563447406
331537812
527076790
388318884
156637826
816379800
103862697
266393686
265150993
781360317
870705337
449690889
325671489
807487670
121371746
778188742
681060823
368535474
335396708
959568550
66328371
995767240
167800639
32090326
846522224
695543593
959010338
716515886
460215536
236151507
594372143
890716293
429836371
495460710
553293887
759812642
219580932
187769600
120824449
101399908
722105587
119353412
348958705
372599069
9735068
309564192
886547456
840076788
467098417
253140258
920396733
155373194
576612674
427653660
182100626
225319445
309040824
179993341
179878341
271218674
76526280
142153833
277880317
423491662
773604834
989278315
556351850
358429158
932745125
610920508
812714146
675181072
767390843
189614812
334645564
180622106
802233700
983775039
436525284
685416622
587465828
756268180
822746984
89792263
478829719
771278260
282880339
150009885
216918609
878509489
125451528
669666043
556066960
651706074
100546587
499101315
167830215
996048905
775505794
642347659
193627096
157054681
363644835
193279520
749232507
997822180
584376670
419134566
808061581
243311402
60491331
838284701
568395263
191637219
204588751
194722495
123453645
306240950
769365780
434758835
891491336
641317623
833888771
109400815
625978913
257768486
713082917
282306237
653169875
340863369
908153421
619551181
114285282
324816586
637994247
538123591
641296899
596331903
197055869
794275668
998450179
191768548
791602609
116878522
267414252
905716724
239402748
883262094
697767353
9304624
900428515
748868608
464974986
603759002
42613238
751376540
370826999
597638114
479902376
694637752
995849565
187565030
80673742
92974429
899825236
744967096
354301906
654373599
425005428
602060826
632084858
485205970
938566380
37420274
630913146
440421255
980527296
783009614
171483969
907466471
326693146
487962345
813333037
295838968
956784911
950821760
920055716
385056135
403110118
226359401
829299283
412914847
583472305
73561652
127038869
183791521
382331157
389668717
760107995
119775687
60275917
739600316
911791082
975292335
737458364
39395427
27816907
549276811
556125446
849367321
932685706
365515178
802426951
747982119
751954950
695860772
191802943
522318019
885007974
676834765
484600139
936129152
810949738
953971931
607833626
740783952
960945537
110855406
199837500
504672068
153459083
204956962
216698063
34424879
490974907
223501658
187086911
668950789
480554919
195648640
698094897
417199809
960423680
141076807
571496516
549922630
636758597
347191669
319910425
107306000
623798102
521489171
866562362
781814555
680876170
126292956
858041647
988384072
710762802
974093931
801854432
748545876
862370943
312157217
791817533
647128728
157078572
337378799
15349233
555897412
120390537
504956003
441525881
808913517
742572709
203419766
273587245
28145873
54707939
953433428
472475142
454322515
835968573
537966693
64802697
966614517
434517079
249752242
502082928
985994724
607282945
136334631
561869316
671091211
79848565
250103589
40440477
28517612
390780195
125116320
133900473
322441640
356611208
971702849
162231772
385913227
215634566
62541054
632215523
786641868
176033228
971644647
498323586
695292973
817487197
840098691
735862192
393675440
221777795
76935476
849482312
221613186
81964675
618769561
466479496
468958276
433901289
768951858
375270795
952817690
354614418
12247257
149669417
466650380
128144329
273197035
670446807
42511049
966714220
684050348
840347117
631561535
588504592
773016270
153404969
733232297
251833624
804569308
54756281
54148079
413728510
495087712
278108558
58284157
244857112
967093253
423610097
549198976
428878199
507736187
402480257
119499990
915188262
160104303
586133369
172193264
509817457
77713909
378194130
657055323
204133455
611334649
111854362
80790507
926865415
322980071
634030765
537585981
907583337
770303516
250345802
504061179
129311592
434589073
633972934
32785043
920404892
61268982
188862461
505828309
53565828
890831810
276954075
212278450
677882429
154934377
12766232
105012162
776168235
198797271
1463545
826020679
973392831
739135059
91409960
278700319
29945658
809606439
251236628
352967406
320357566
973330682
98885719
850570882
185970393
384311667
430729755
321378797
765347856
274293411
277146863
762460669
745459803
197652031
717519659
377083789
296026120
261526211
121456239
867620918
881453925
584458536
969310975
918033778
340693360
503091838
565294866
771224916
407260263
548845718
992574291
879065061
391150241
561922328
721137295
506799285
484118649
869491308
930547778
414265564
121964220
799895332
721960355
6107643
46421346
801424707
281473241
631535839
323717229
581574849
511386822
225271268
584908519
597605273
213223909
949974041
810834119
443872679
584252776
4660164
746516779
428343230
46756919
467989307
267228438
222025688
568674111
715673666
805299807
55242159
156195027
371578505
997658016
119767291
487817982
718273171
110576621
244083261
234749840
978894744
488512260
62688866
942932350
152155557
894799219
910561441
5079131
764638272
742829842
196435783
861741744
975258803
579912834
581389448
306411535
307919640
305535681
669090618
377016869
228947316
890228094
397160499
713354742
777076708
442351007
461446968
842946299
742698533
220333304
12429822
604931596
869572349
782317800
301217599
985493964
553454893
847842384
16607975
386163756
158052460
698889642
615532194
25829355
70408329
77827363
30252936
292862234
191294275
5251700
822651163
830383889
213754376
67488399
532843204
127395645
311927116
60357044
37801345
714111676
839388713
173579099
108086588
909227756
630782096
424402358
366715765
411904555
600510141
609682608
805943694
872499564
398689649
33442159
935919346
71138026
211625577
750022563
319793527
480166303
949835715
416096742
682301993
99586730
866687132
344527245
233782505
602538488
273001784
889320611
419477077
744867954
585783597
138720450
132201258
530475944
441155545
989476352
858514790
137876054
159594972
362845605
726628904
919148
555819126
884375257
432906049
308099283
603693293
673800575
619201241
374693879
281639339
171698471
436240680
929964916
524792807
959321220
75304788
835370403
120276709
889514990
839503158
114880471
619943828
189132627
602799672
691065582
613140030
964035029
913111271
98304367
185161060
62039473
198894055
790314416
715732739
259686162
856300923
223695441
700509073
265069890
380403091
862234988
447042972
138537331
57272418
529851868
778779007
657408087
216523133
859595264
174968198
323292002
424048474
338702278
79071991
342353822
174265434
518011319
653834181
593764424
563452886
260614928
574601590
383754078
216074283
308151230
268717396
470676267
499877860
399862880
809255769
709140338
317451953
553847999
557134366
962275541
776480863
962663758
205829920
608789106
591077447
848295238
488781696
940223911
598879297
328894028
77788808
471784014
36941944
681363639
554113863
907037664
458530989
541664047
493939345
684655687
49297749
836634937
372240880
812098671
151753047
359513235
280754206
696742018
704475955
225978676
987796494
943839643
875686925
457924193
578602484
487849159
749512128
397508572
766492612
383085924
653372585
466094199
220526697
879257147
202291983
442001431
786530362
504953458
450714761
647150626
43125319
538741415
150862592
937482422
946275453
768073935
469972726
543038849
637152598
354050983
997973156
552676611
366984829
12629534
169294871
428191538
732467198
868047042
738227804
272503952
999782893
475568236
965660838
71169632
798196487
745826642
481004094
583589175
422850391
503808289
935561774
451745506
62935921
229787249
976678564
388724371
208742672
798781098
322889535
479793157
155305236
592949667
511695626
379097102
128219759
749753219
468744998
25907686
126064794
409746369
312365597
179409089
898866440
353835054
275592642
812647384
916340215
346235996
548637584
160604699
74263730
675687390
222460002
558590196
249864646
150257628
775536729
130308351
391202798
271623067
979852674
542510533
811198062
772772388
319044776
600012073
704012911
153675883
863974132
767234810
389710144
233682674
48231360
743050337
930441629
62989352
998756284
321449119
500313826
497173860
814470317
229949050
812342646
377210273
295621803
529881896
557585176
378453059
7747233
177358178
277351525
316437446
899727605
519462724
562525657
727734198
884248051
619229035
634107121
199987197
374159601
678421901
956962601
580537781
879059610
470650822
991779742
745204700
370638809
756781055
40679916
611097746
955311381
388056690
641366480
510251197
210852016
334748620
514186804
728775434
540800365
321158106
966447526
107728015
549812507
549040240
280545599
724373362
291705607
500659384
177079759
723400240
989320373
394342460
582047972
555138110
939419513
902005144
125566447
771067167
314368680
9684601
100164311
857055686
160934977
957531700
740107616
98404819
698204965
444059558
727341135
265482489
57903949
879149419
817455277
100548982
672379129
368066813
343337031
54483456
609852932
225450522
796746477
573094080
9933511
341391452
590428834
563075672
282318387
643598717
358606703
825652122
299445372
750628813
279530025
669477801
869746871
918811938
201536161
11396141
575487456
126567590
555213942
28132169
49765117
794902252
413196872
936113224
999999362
335180741
355472270
505754570
847941837
42878687
351224098
858388601
720076316
411096813
841021239
88237578
186629768
825065710
290129037
986337570
716552407
778887604
816223231
18797924
35481393
303966073
464387409
727060560
779247234
592824363
394523672
422687541
438610623
405014224
339508641
348461131
810552433
946363189
591095738
269173964
695750336
497907766
431317061
813712721
696335429
608718279
837329147
933990721
539630911
193481117
837042025
89550559
625398200
117923068
508058769
446217298
711594340
826716072
630241844
980747923
838310486
393354065
543987161
23484624
733900624
933334749
316148404
107233900
712770907
956137563
540618528
640491416
732764746
590988167
727337289
805676858
211823836
986230281
213760494
723650269
635402678
861786236
928933866
34364214
629327228
123424544
443211528
995060272
2982374
659680260
676543853
890188183
507633004
496677792
921986128
612125429
247708511
460437895
253072705
24024843
622539053
213059598
241122958
508925399
620913356
64423895
417683
893806315
730478793
964575726
643911697
242681851
735155877
331057855
185552477
858634182
874067573
925441576
526343503
738852305
234056589
912031341
934518859
898001504
89944108
188331777
490134342
984104459
860694433
744259196
708068433
703007483
955203427
458671817
723075677
718849428
389858405
960789517
378438585
860594054
130054256
992646737
552141213
119915290
718319683
596431729
744656481
675406709
360083390
611411901
370094376
607876964
663613728
264806227
759775023
539816376
104319065
171912174
746224090
99813051
183747593
114199863
273192902
778842791
368463097
392361114
21473919
467752888
718201060
214494130
289311155
480705504
307842815
972612610
67539692
10741095
21389722
31155032
552200978
978344293
597371833
481969956
696505483
580012356
223733984
372260868
997476079
743065512
423752127
342382803
992723608
391225730
231291356
994272358
876502342
791236051
277551464
922098117
224364904
863168521
115557687
327701410
304871004
708649336
111551276
430783544
88004668
192604344
58970895
767394236
777209649
705289069
913584403
55490227
851441155
935277003
485496179
508903400
249912116
704676198
84130222
738766978
217144663
136070125
973461635
655364389
621204584
675866706
55511856
113768988
492605227
279756999
738885295
873654370
735643172
705618602
684059378
375453688
814209716
347498599
717520129
579359320
436345707
834156452
256841904
83302835
239604642
174616515
304504059
994844344
392174228
172624697
71578558
166597303
542437619
194100597
105216933
701892712
330620356
633028315
393450045
867012221
641927681
382463924
472377439
664540127
849293571
142547121
499024382
641621245
865770286
985732033
528496896
82431108
82211065
867909055
29777622
411076221
684472900
397254087
643411296
593719440
103686990
209458645
632939502
262836869
906162923
121154232
64981232
919146748
934041659
820955463
44525564
347640081
807686358
275196974
412153187
578691920
127717482
892062298
321021142
231680359
401390226
260571507
495825960
806949222
478596432
89186947
354781482
285097568
948515611
157066727
571888033
872158331
229232083
827451624
840993812
454421884
562529508
905024328
802946561
968149600
352274339
382760205
881705347
224453267
973358663
763005216
197687332
493162912
543920385
328064646
25198267
167928607
523939327
285474165
993065819
593516100
359712714
940884509
939041604
353749902
892714064
256413174
685734608
604930182
720565015
617692048
788054479
346641582
105199818
410559953
260664549
539248002
50745028
25703405
876932210
789703881
690568050
921453984
685093361
551770908
486709448
839790784
138924942
45835084
413552939
84621811
306755416
538172678
222372463
403128519
694040900
508841437
304795823
26720914
26690945
724972829
759763968
69575919
275046050
90015921
729476383
946833112
643398986
517314108
840997125
654713828
287810136
97255668
909179270
246364471
15626934
8505330
559155258
159989813
328151230
784180954
503219653
821883822
217497179
184150750
782758261
550618120
95042351
542276397
519421886
385176080
830279213
392150797
102415611
165335363
834283167
157934244
499998579
341019054
500998353
995191414
22800748
68473599
532588617
317033568
725779457
336673502
284362083
524456509
862072471
198622886
938008826
488017242
472896175
726450828
940043307
719918285
842219081
412739721
269003027
472643384
487613778
686407568
49746835
257625983
526845268
977567848
723147571
451057077
362248971
187962525
329995021
322362952
582887657
50026154
352778383
143369234
35127590
459601382
719878389
206385048
896845789
414117744
919732970
11036501
744457710
917245781
915452041
241698651
505998295
58428121
338515313
776437276
491595972
364427895
974120390
232529770
772109408
940778243
807425962
176467617
73533349
582801051
174162283
230921432
696115263
346159873
745823691
962438172
243480122
939314475
560462366
530019409
402250767
33200653
116344594
819139220
611053131
178232747
164003728
814252443
596374873
860599761
360959109
294087575
529082022
432387842
464455720
495315548
799948780
141644394
983324552
749039603
298259033
399682867
796256950
817122530
188066744
124427934
866002274
761535728
151274768
468084094
576946756
695128504
62631210
411999420
487036639
169900974
316359551
550510152
198712124
272779735
240778955
698349658
968840140
840937701
788371039
929332153
940572489
851585683
165596867
573874149
636634603
693641079
348804436
937764045
368363403
791145209
750000772
85461219
334438006
6397746
255161386
324540455
379364587
245505266
570172674
715184485
219142785
389053435
232390413
284949498
556110073
43662438
853110805
747487054
496635248
628140539
999025720
986479235
335472875
178933193
414817419
771064615
86841927
509965329
94457188
779665013
176631291
683191519
142081319
292820083
934332311
979036760
338562218
967377618
639145386
732748473
291444432
79077680
232077297
505341205
927753948
439607248
754892798
294551346
427116482
605146838
416413208
653500906
728542101
338255851
85245009
609545097
873954614
192856051
499412337
415471692
583142782
486290298
351649628
301343960
833781934
55608917
78867950
125007100
878837881
59201863
269919148
874015000
463580733
60492364
476112547
406613112
328993455
67674745
726105472
836220051
546480133
816008747
16706397
584958498
329688462
610376709
126814157
812420510
705361087
159008528
153414723
175410625
422108298
70052069
898661315
677371487
936539127
384193524
983296735
594747464
843462092
898866074
420548880
527921716
77095195
504807309
600521490
632728493
764632095
459544060
171370811
778251034
780544744
672835297
913260038
339465694
753432965
929445707
439103077
125042185
518136008
890406479
133070642
235581872
240103228
366514176
41307505
142627034
394501205
760797193
888305265
696259519
729087453
217573384
494098844
840139343
519656290
6117132
748508509
217141232
351332137
117276466
56676173
81888578
611116168
66565989
381869073
804467398
443968376
986730512
696491733
913712104
109300262
576716288
337903961
589426631
271186827
692551613
294081934
732691221
108061221
184731300
863156261
624481907
208583149
640073092
376995199
774499480
613540343
406023029
934178314
924284820
673906459
377424621
381641765
819547193
121219219
203357034
903454727
318665102
42650538
919654253
310341254
138521385
642349877
610134473
184433336
758082135
375646703
412502613
695250232
432351215
361418834
681793165
886640811
169692775
328956938
744995922
845444333
640609291
60955297
154107051
380416011
481524437
983663726
948874965
414624886
770160142
866002724
501412504
36318706
513322260
15149079
566832465
373523890
853822936
686297418
951766868
134273465
480914482
323607624
890723121
555371957
396798859
801996093
811683669
164424120
857849135
944428541
542612088
18215615
611783210
118214038
605042889
518228958
974211328
428380655
648214571
57629184
297150350
805735609
77030240
357105307
676850071
653287925
161858058
681879313
876490048
907151183
51733895
97872753
475543558
775765003
99678345
841014601
768125813
482368775
116242603
225710556
662861693
426896046
823957491
285128146
335409023
855379408
522646341
652424892
56333494
820021372
654883639
202048595
296146674
809170431
766417133
783846681
429559695
509703092
13673233
884651809
30681781
23857425
911822681
377122119
905206176
838821101
776318641
42622841
88279457
23931863
306265676
414977617
903960707
976586680
779884048
946236981
420959374
489538597
175801204
918164402
572901636
654144556
487460953
517620494
18584433
50361449
31264702
507654593
593054421
325683379
773969672
571880923
58323829
71656152
282796471
967162149
925702011
836499187
964664287
164099848
10552150
823531374
941965855
576250419
374536412
540068706
764505365
789252387
127422972
71164891
907995582
296391790
197195057
460470300
451959507
403572898
126680776
454462862
825502554
794440215
46720361
622090198
979486444
255617552
694709878
192146808
975492871
22764312
909889276
646520302
643221296
273781591
65640827
928930141
300863500
96004214
538445481
659886250
12431364
508805873
378529220
500000278
4343749
830662312
309470430
93553551
836836526
56436411
211514420
290580699
782094618
867327395
11336009
90604449
865712630
87424447
405661532
71827116
13505126
933975763
169710219
184355842
259908662
466915403
941682481
211252984
265418008
537099687
298769908
865332315
614579445
571700738
214084082
433712314
596354273
256807896
392904977
496084078
561945044
526335121
826973903
709399187
219069590
305455255
782815772
845882062
911163618
8855810
629238806
989513711
551728480
678557850
694654113
132251249
549858841
48992797
236291840
131807527
578096533
537844571
808019078
984376102
433884821
317248276
668498979
951029454
196004023
157355923
204033110
660281974
688471960
371109859
182077713
717498033
255800648
916785135
71678667
314991233
