105
165
195
255
285
345
435
465
555
615
645
705
795
885
915
1005
1065
1095
1185
1245
1335
1455
105
231
273
357
399
483
609
651
777
861
903
987
1113
1239
1281
1407
1491
1533
1659
1743
1869
2037
165
231
429
561
627
759
957
1023
1221
1353
1419
1551
1749
1947
2013
2211
2343
2409
2607
2739
2937
3201
195
273
429
663
741
897
1131
1209
1443
1599
1677
1833
2067
2301
2379
2613
2769
2847
3081
3237
3471
3783
255
357
561
663
969
1173
1479
1581
1887
2091
2193
2397
2703
3009
3111
3417
3621
3723
4029
4233
4539
4947
285
399
627
741
969
1311
1653
1767
2109
2337
2451
2679
3021
3363
3477
3819
4047
4161
4503
4731
5073
5529
345
483
759
897
1173
1311
2001
2139
2553
2829
2967
3243
3657
4071
4209
4623
4899
5037
5451
5727
6141
6693
435
609
957
1131
1479
1653
2001
2697
3219
3567
3741
4089
4611
5133
5307
5829
6177
6351
6873
7221
7743
8439
465
651
1023
1209
1581
1767
2139
2697
3441
3813
3999
4371
4929
5487
5673
6231
6603
6789
7347
7719
8277
9021
555
777
1221
1443
1887
2109
2553
3219
3441
4551
4773
5217
5883
6549
6771
7437
7881
8103
8769
9213
9879
10767
615
861
1353
1599
2091
2337
2829
3567
3813
4551
5289
5781
6519
7257
7503
8241
8733
8979
9717
10209
10947
11931
645
903
1419
1677
2193
2451
2967
3741
3999
4773
5289
6063
6837
7611
7869
8643
9159
9417
10191
10707
11481
12513
705
987
1551
1833
2397
2679
3243
4089
4371
5217
5781
6063
7473
8319
8601
9447
10011
10293
11139
11703
12549
13677
795
1113
1749
2067
2703
3021
3657
4611
4929
5883
6519
6837
7473
9381
9699
10653
11289
11607
12561
13197
14151
15423
885
1239
1947
2301
3009
3363
4071
5133
5487
6549
7257
7611
8319
9381
10797
11859
12567
12921
13983
14691
15753
17169
915
1281
2013
2379
3111
3477
4209
5307
5673
6771
7503
7869
8601
9699
10797
12261
12993
13359
14457
15189
16287
17751
1005
1407
2211
2613
3417
3819
4623
5829
6231
7437
8241
8643
9447
10653
11859
12261
14271
14673
15879
16683
17889
19497
1065
1491
2343
2769
3621
4047
4899
6177
6603
7881
8733
9159
10011
11289
12567
12993
14271
15549
16827
17679
18957
20661
1095
1533
2409
2847
3723
4161
5037
6351
6789
8103
8979
9417
10293
11607
12921
13359
14673
15549
17301
18177
19491
21243
1185
1659
2607
3081
4029
4503
5451
6873
7347
8769
9717
10191
11139
12561
13983
14457
15879
16827
17301
19671
21093
22989
1245
1743
2739
3237
4233
4731
5727
7221
7719
9213
10209
10707
11703
13197
14691
15189
16683
17679
18177
19671
22161
24153
1335
1869
2937
3471
4539
5073
6141
7743
8277
9879
10947
11481
12549
14151
15753
16287
17889
18957
19491
21093
22161
25899
1455
2037
3201
3783
4947
5529
6693
8439
9021
10767
11931
12513
13677
15423
17169
17751
19497
20661
21243
22989
24153
25899
105
165
195
255
285
345
435
465
555
615
645
705
795
885
915
1005
1065
1095
1185
1245
1335
1455
105
385
455
595
665
805
1015
1085
1295
1435
1505
1645
1855
2065
2135
2345
2485
2555
2765
2905
3115
3395
165
385
715
935
1045
1265
1595
1705
2035
2255
2365
2585
2915
3245
3355
3685
3905
4015
4345
4565
4895
5335
195
455
715
1105
1235
1495
1885
2015
2405
2665
2795
3055
3445
3835
3965
4355
4615
4745
5135
5395
5785
6305
255
595
935
1105
1615
1955
2465
2635
3145
3485
3655
3995
4505
5015
5185
5695
6035
6205
6715
7055
7565
8245
285
665
1045
1235
1615
2185
2755
2945
3515
3895
4085
4465
5035
5605
5795
6365
6745
6935
7505
7885
8455
9215
345
805
1265
1495
1955
2185
3335
3565
4255
4715
4945
5405
6095
6785
7015
7705
8165
8395
9085
9545
10235
11155
435
1015
1595
1885
2465
2755
3335
4495
5365
5945
6235
6815
7685
8555
8845
9715
10295
10585
11455
12035
12905
14065
465
1085
1705
2015
2635
2945
3565
4495
5735
6355
6665
7285
8215
9145
9455
10385
11005
11315
12245
12865
13795
15035
555
1295
2035
2405
3145
3515
4255
5365
5735
7585
7955
8695
9805
10915
11285
12395
13135
13505
14615
15355
16465
17945
615
1435
2255
2665
3485
3895
4715
5945
6355
7585
8815
9635
10865
12095
12505
13735
14555
14965
16195
17015
18245
19885
645
1505
2365
2795
3655
4085
4945
6235
6665
7955
8815
10105
11395
12685
13115
14405
15265
15695
16985
17845
19135
20855
705
1645
2585
3055
3995
4465
5405
6815
7285
8695
9635
10105
12455
13865
14335
15745
16685
17155
18565
19505
20915
22795
795
1855
2915
3445
4505
5035
6095
7685
8215
9805
10865
11395
12455
15635
16165
17755
18815
19345
20935
21995
23585
25705
885
2065
3245
3835
5015
5605
6785
8555
9145
10915
12095
12685
13865
15635
17995
19765
20945
21535
23305
24485
26255
28615
915
2135
3355
3965
5185
5795
7015
8845
9455
11285
12505
13115
14335
16165
17995
20435
21655
22265
24095
25315
27145
29585
1005
2345
3685
4355
5695
6365
7705
9715
10385
12395
13735
14405
15745
17755
19765
20435
23785
24455
26465
27805
29815
32495
1065
2485
3905
4615
6035
6745
8165
10295
11005
13135
14555
15265
16685
18815
20945
21655
23785
25915
28045
29465
31595
34435
1095
2555
4015
4745
6205
6935
8395
10585
11315
13505
14965
15695
17155
19345
21535
22265
24455
25915
28835
30295
32485
35405
1185
2765
4345
5135
6715
7505
9085
11455
12245
14615
16195
16985
18565
20935
23305
24095
26465
28045
28835
32785
35155
38315
1245
2905
4565
5395
7055
7885
9545
12035
12865
15355
17015
17845
19505
21995
24485
25315
27805
29465
30295
32785
36935
40255
1335
3115
4895
5785
7565
8455
10235
12905
13795
16465
18245
19135
20915
23585
26255
27145
29815
31595
32485
35155
36935
43165
1455
3395
5335
6305
8245
9215
11155
14065
15035
17945
19885
20855
22795
25705
28615
29585
32495
34435
35405
38315
40255
43165
105
231
273
357
399
483
609
651
777
861
903
987
1113
1239
1281
1407
1491
1533
1659
1743
1869
2037
105
385
455
595
665
805
1015
1085
1295
1435
1505
1645
1855
2065
2135
2345
2485
2555
2765
2905
3115
3395
231
385
1001
1309
1463
1771
2233
2387
2849
3157
3311
3619
4081
4543
4697
5159
5467
5621
6083
6391
6853
7469
273
455
1001
1547
1729
2093
2639
2821
3367
3731
3913
4277
4823
5369
5551
6097
6461
6643
7189
7553
8099
8827
357
595
1309
1547
2261
2737
3451
3689
4403
4879
5117
5593
6307
7021
7259
7973
8449
8687
9401
9877
10591
11543
399
665
1463
1729
2261
3059
3857
4123
4921
5453
5719
6251
7049
7847
8113
8911
9443
9709
10507
11039
11837
12901
483
805
1771
2093
2737
3059
4669
4991
5957
6601
6923
7567
8533
9499
9821
10787
11431
11753
12719
13363
14329
15617
609
1015
2233
2639
3451
3857
4669
6293
7511
8323
8729
9541
10759
11977
12383
13601
14413
14819
16037
16849
18067
19691
651
1085
2387
2821
3689
4123
4991
6293
8029
8897
9331
10199
11501
12803
13237
14539
15407
15841
17143
18011
19313
21049
777
1295
2849
3367
4403
4921
5957
7511
8029
10619
11137
12173
13727
15281
15799
17353
18389
18907
20461
21497
23051
25123
861
1435
3157
3731
4879
5453
6601
8323
8897
10619
12341
13489
15211
16933
17507
19229
20377
20951
22673
23821
25543
27839
903
1505
3311
3913
5117
5719
6923
8729
9331
11137
12341
14147
15953
17759
18361
20167
21371
21973
23779
24983
26789
29197
987
1645
3619
4277
5593
6251
7567
9541
10199
12173
13489
14147
17437
19411
20069
22043
23359
24017
25991
27307
29281
31913
1113
1855
4081
4823
6307
7049
8533
10759
11501
13727
15211
15953
17437
21889
22631
24857
26341
27083
29309
30793
33019
35987
1239
2065
4543
5369
7021
7847
9499
11977
12803
15281
16933
17759
19411
21889
25193
27671
29323
30149
32627
34279
36757
40061
1281
2135
4697
5551
7259
8113
9821
12383
13237
15799
17507
18361
20069
22631
25193
28609
30317
31171
33733
35441
38003
41419
1407
2345
5159
6097
7973
8911
10787
13601
14539
17353
19229
20167
22043
24857
27671
28609
33299
34237
37051
38927
41741
45493
1491
2485
5467
6461
8449
9443
11431
14413
15407
18389
20377
21371
23359
26341
29323
30317
33299
36281
39263
41251
44233
48209
1533
2555
5621
6643
8687
9709
11753
14819
15841
18907
20951
21973
24017
27083
30149
31171
34237
36281
40369
42413
45479
49567
1659
2765
6083
7189
9401
10507
12719
16037
17143
20461
22673
23779
25991
29309
32627
33733
37051
39263
40369
45899
49217
53641
1743
2905
6391
7553
9877
11039
13363
16849
18011
21497
23821
24983
27307
30793
34279
35441
38927
41251
42413
45899
51709
56357
1869
3115
6853
8099
10591
11837
14329
18067
19313
23051
25543
26789
29281
33019
36757
38003
41741
44233
45479
49217
51709
60431
2037
3395
7469
8827
11543
12901
15617
19691
21049
25123
27839
29197
31913
35987
40061
41419
45493
48209
49567
53641
56357
60431
165
231
429
561
627
759
957
1023
1221
1353
1419
1551
1749
1947
2013
2211
2343
2409
2607
2739
2937
3201
165
385
715
935
1045
1265
1595
1705
2035
2255
2365
2585
2915
3245
3355
3685
3905
4015
4345
4565
4895
5335
231
385
1001
1309
1463
1771
2233
2387
2849
3157
3311
3619
4081
4543
4697
5159
5467
5621
6083
6391
6853
7469
429
715
1001
2431
2717
3289
4147
4433
5291
5863
6149
6721
7579
8437
8723
9581
10153
10439
11297
11869
12727
13871
561
935
1309
2431
3553
4301
5423
5797
6919
7667
8041
8789
9911
11033
11407
12529
13277
13651
14773
15521
16643
18139
627
1045
1463
2717
3553
4807
6061
6479
7733
8569
8987
9823
11077
12331
12749
14003
14839
15257
16511
17347
18601
20273
759
1265
1771
3289
4301
4807
7337
7843
9361
10373
10879
11891
13409
14927
15433
16951
17963
18469
19987
20999
22517
24541
957
1595
2233
4147
5423
6061
7337
9889
11803
13079
13717
14993
16907
18821
19459
21373
22649
23287
25201
26477
28391
30943
1023
1705
2387
4433
5797
6479
7843
9889
12617
13981
14663
16027
18073
20119
20801
22847
24211
24893
26939
28303
30349
33077
1221
2035
2849
5291
6919
7733
9361
11803
12617
16687
17501
19129
21571
24013
24827
27269
28897
29711
32153
33781
36223
39479
1353
2255
3157
5863
7667
8569
10373
13079
13981
16687
19393
21197
23903
26609
27511
30217
32021
32923
35629
37433
40139
43747
1419
2365
3311
6149
8041
8987
10879
13717
14663
17501
19393
22231
25069
27907
28853
31691
33583
34529
37367
39259
42097
45881
1551
2585
3619
6721
8789
9823
11891
14993
16027
19129
21197
22231
27401
30503
31537
34639
36707
37741
40843
42911
46013
50149
1749
2915
4081
7579
9911
11077
13409
16907
18073
21571
23903
25069
27401
34397
35563
39061
41393
42559
46057
48389
51887
56551
1947
3245
4543
8437
11033
12331
14927
18821
20119
24013
26609
27907
30503
34397
39589
43483
46079
47377
51271
53867
57761
62953
2013
3355
4697
8723
11407
12749
15433
19459
20801
24827
27511
28853
31537
35563
39589
44957
47641
48983
53009
55693
59719
65087
2211
3685
5159
9581
12529
14003
16951
21373
22847
27269
30217
31691
34639
39061
43483
44957
52327
53801
58223
61171
65593
71489
2343
3905
5467
10153
13277
14839
17963
22649
24211
28897
32021
33583
36707
41393
46079
47641
52327
57013
61699
64823
69509
75757
2409
4015
5621
10439
13651
15257
18469
23287
24893
29711
32923
34529
37741
42559
47377
48983
53801
57013
63437
66649
71467
77891
2607
4345
6083
11297
14773
16511
19987
25201
26939
32153
35629
37367
40843
46057
51271
53009
58223
61699
63437
72127
77341
84293
2739
4565
6391
11869
15521
17347
20999
26477
28303
33781
37433
39259
42911
48389
53867
55693
61171
64823
66649
72127
81257
88561
2937
4895
6853
12727
16643
18601
22517
28391
30349
36223
40139
42097
46013
51887
57761
59719
65593
69509
71467
77341
81257
94963
3201
5335
7469
13871
18139
20273
24541
30943
33077
39479
43747
45881
50149
56551
62953
65087
71489
75757
77891
84293
88561
94963
195
273
429
663
741
897
1131
1209
1443
1599
1677
1833
2067
2301
2379
2613
2769
2847
3081
3237
3471
3783
195
455
715
1105
1235
1495
1885
2015
2405
2665
2795
3055
3445
3835
3965
4355
4615
4745
5135
5395
5785
6305
273
455
1001
1547
1729
2093
2639
2821
3367
3731
3913
4277
4823
5369
5551
6097
6461
6643
7189
7553
8099
8827
429
715
1001
2431
2717
3289
4147
4433
5291
5863
6149
6721
7579
8437
8723
9581
10153
10439
11297
11869
12727
13871
663
1105
1547
2431
4199
5083
6409
6851
8177
9061
9503
10387
11713
13039
13481
14807
15691
16133
17459
18343
19669
21437
741
1235
1729
2717
4199
5681
7163
7657
9139
10127
10621
11609
13091
14573
15067
16549
17537
18031
19513
20501
21983
23959
897
1495
2093
3289
5083
5681
8671
9269
11063
12259
12857
14053
15847
17641
18239
20033
21229
21827
23621
24817
26611
29003
1131
1885
2639
4147
6409
7163
8671
11687
13949
15457
16211
17719
19981
22243
22997
25259
26767
27521
29783
31291
33553
36569
1209
2015
2821
4433
6851
7657
9269
11687
14911
16523
17329
18941
21359
23777
24583
27001
28613
29419
31837
33449
35867
39091
1443
2405
3367
5291
8177
9139
11063
13949
14911
19721
20683
22607
25493
28379
29341
32227
34151
35113
37999
39923
42809
46657
1599
2665
3731
5863
9061
10127
12259
15457
16523
19721
22919
25051
28249
31447
32513
35711
37843
38909
42107
44239
47437
51701
1677
2795
3913
6149
9503
10621
12857
16211
17329
20683
22919
26273
29627
32981
34099
37453
39689
40807
44161
46397
49751
54223
1833
3055
4277
6721
10387
11609
14053
17719
18941
22607
25051
26273
32383
36049
37271
40937
43381
44603
48269
50713
54379
59267
2067
3445
4823
7579
11713
13091
15847
19981
21359
25493
28249
29627
32383
40651
42029
46163
48919
50297
54431
57187
61321
66833
2301
3835
5369
8437
13039
14573
17641
22243
23777
28379
31447
32981
36049
40651
46787
51389
54457
55991
60593
63661
68263
74399
2379
3965
5551
8723
13481
15067
18239
22997
24583
29341
32513
34099
37271
42029
46787
53131
56303
57889
62647
65819
70577
76921
2613
4355
6097
9581
14807
16549
20033
25259
27001
32227
35711
37453
40937
46163
51389
53131
61841
63583
68809
72293
77519
84487
2769
4615
6461
10153
15691
17537
21229
26767
28613
34151
37843
39689
43381
48919
54457
56303
61841
67379
72917
76609
82147
89531
2847
4745
6643
10439
16133
18031
21827
27521
29419
35113
38909
40807
44603
50297
55991
57889
63583
67379
74971
78767
84461
92053
3081
5135
7189
11297
17459
19513
23621
29783
31837
37999
42107
44161
48269
54431
60593
62647
68809
72917
74971
85241
91403
99619
3237
5395
7553
11869
18343
20501
24817
31291
33449
39923
44239
46397
50713
57187
63661
65819
72293
76609
78767
85241
96031
104663
3471
5785
8099
12727
19669
21983
26611
33553
35867
42809
47437
49751
54379
61321
68263
70577
77519
82147
84461
91403
96031
112229
3783
6305
8827
13871
21437
23959
29003
36569
39091
46657
51701
54223
59267
66833
74399
76921
84487
89531
92053
99619
104663
112229
255
357
561
663
969
1173
1479
1581
1887
2091
2193
2397
2703
3009
3111
3417
3621
3723
4029
4233
4539
4947
255
595
935
1105
1615
1955
2465
2635
3145
3485
3655
3995
4505
5015
5185
5695
6035
6205
6715
7055
7565
8245
357
595
1309
1547
2261
2737
3451
3689
4403
4879
5117
5593
6307
7021
7259
7973
8449
8687
9401
9877
10591
11543
561
935
1309
2431
3553
4301
5423
5797
6919
7667
8041
8789
9911
11033
11407
12529
13277
13651
14773
15521
16643
18139
663
1105
1547
2431
4199
5083
6409
6851
8177
9061
9503
10387
11713
13039
13481
14807
15691
16133
17459
18343
19669
21437
969
1615
2261
3553
4199
7429
9367
10013
11951
13243
13889
15181
17119
19057
19703
21641
22933
23579
25517
26809
28747
31331
1173
1955
2737
4301
5083
7429
11339
12121
14467
16031
16813
18377
20723
23069
23851
26197
27761
28543
30889
32453
34799
37927
1479
2465
3451
5423
6409
9367
11339
15283
18241
20213
21199
23171
26129
29087
30073
33031
35003
35989
38947
40919
43877
47821
1581
2635
3689
5797
6851
10013
12121
15283
19499
21607
22661
24769
27931
31093
32147
35309
37417
38471
41633
43741
46903
51119
1887
3145
4403
6919
8177
11951
14467
18241
19499
25789
27047
29563
33337
37111
38369
42143
44659
45917
49691
52207
55981
61013
2091
3485
4879
7667
9061
13243
16031
20213
21607
25789
29971
32759
36941
41123
42517
46699
49487
50881
55063
57851
62033
67609
2193
3655
5117
8041
9503
13889
16813
21199
22661
27047
29971
34357
38743
43129
44591
48977
51901
53363
57749
60673
65059
70907
2397
3995
5593
8789
10387
15181
18377
23171
24769
29563
32759
34357
42347
47141
48739
53533
56729
58327
63121
66317
71111
77503
2703
4505
6307
9911
11713
17119
20723
26129
27931
33337
36941
38743
42347
53159
54961
60367
63971
65773
71179
74783
80189
87397
3009
5015
7021
11033
13039
19057
23069
29087
31093
37111
41123
43129
47141
53159
61183
67201
71213
73219
79237
83249
89267
97291
3111
5185
7259
11407
13481
19703
23851
30073
32147
38369
42517
44591
48739
54961
61183
69479
73627
75701
81923
86071
92293
100589
3417
5695
7973
12529
14807
21641
26197
33031
35309
42143
46699
48977
53533
60367
67201
69479
80869
83147
89981
94537
101371
110483
3621
6035
8449
13277
15691
22933
27761
35003
37417
44659
49487
51901
56729
63971
71213
73627
80869
88111
95353
100181
107423
117079
3723
6205
8687
13651
16133
23579
28543
35989
38471
45917
50881
53363
58327
65773
73219
75701
83147
88111
98039
103003
110449
120377
4029
6715
9401
14773
17459
25517
30889
38947
41633
49691
55063
57749
63121
71179
79237
81923
89981
95353
98039
111469
119527
130271
4233
7055
9877
15521
18343
26809
32453
40919
43741
52207
57851
60673
66317
74783
83249
86071
94537
100181
103003
111469
125579
136867
4539
7565
10591
16643
19669
28747
34799
43877
46903
55981
62033
65059
71111
80189
89267
92293
101371
107423
110449
119527
125579
146761
4947
8245
11543
18139
21437
31331
37927
47821
51119
61013
67609
70907
77503
87397
97291
100589
110483
117079
120377
130271
136867
146761
285
399
627
741
969
1311
1653
1767
2109
2337
2451
2679
3021
3363
3477
3819
4047
4161
4503
4731
5073
5529
285
665
1045
1235
1615
2185
2755
2945
3515
3895
4085
4465
5035
5605
5795
6365
6745
6935
7505
7885
8455
9215
399
665
1463
1729
2261
3059
3857
4123
4921
5453
5719
6251
7049
7847
8113
8911
9443
9709
10507
11039
11837
12901
627
1045
1463
2717
3553
4807
6061
6479
7733
8569
8987
9823
11077
12331
12749
14003
14839
15257
16511
17347
18601
20273
741
1235
1729
2717
4199
5681
7163
7657
9139
10127
10621
11609
13091
14573
15067
16549
17537
18031
19513
20501
21983
23959
969
1615
2261
3553
4199
7429
9367
10013
11951
13243
13889
15181
17119
19057
19703
21641
22933
23579
25517
26809
28747
31331
1311
2185
3059
4807
5681
7429
12673
13547
16169
17917
18791
20539
23161
25783
26657
29279
31027
31901
34523
36271
38893
42389
1653
2755
3857
6061
7163
9367
12673
17081
20387
22591
23693
25897
29203
32509
33611
36917
39121
40223
43529
45733
49039
53447
1767
2945
4123
6479
7657
10013
13547
17081
21793
24149
25327
27683
31217
34751
35929
39463
41819
42997
46531
48887
52421
57133
2109
3515
4921
7733
9139
11951
16169
20387
21793
28823
30229
33041
37259
41477
42883
47101
49913
51319
55537
58349
62567
68191
2337
3895
5453
8569
10127
13243
17917
22591
24149
28823
33497
36613
41287
45961
47519
52193
55309
56867
61541
64657
69331
75563
2451
4085
5719
8987
10621
13889
18791
23693
25327
30229
33497
38399
43301
48203
49837
54739
58007
59641
64543
67811
72713
79249
2679
4465
6251
9823
11609
15181
20539
25897
27683
33041
36613
38399
47329
52687
54473
59831
63403
65189
70547
74119
79477
86621
3021
5035
7049
11077
13091
17119
23161
29203
31217
37259
41287
43301
47329
59413
61427
67469
71497
73511
79553
83581
89623
97679
3363
5605
7847
12331
14573
19057
25783
32509
34751
41477
45961
48203
52687
59413
68381
75107
79591
81833
88559
93043
99769
108737
3477
5795
8113
12749
15067
19703
26657
33611
35929
42883
47519
49837
54473
61427
68381
77653
82289
84607
91561
96197
103151
112423
3819
6365
8911
14003
16549
21641
29279
36917
39463
47101
52193
54739
59831
67469
75107
77653
90383
92929
100567
105659
113297
123481
4047
6745
9443
14839
17537
22933
31027
39121
41819
49913
55309
58007
63403
71497
79591
82289
90383
98477
106571
111967
120061
130853
4161
6935
9709
15257
18031
23579
31901
40223
42997
51319
56867
59641
65189
73511
81833
84607
92929
98477
109573
115121
123443
134539
4503
7505
10507
16511
19513
25517
34523
43529
46531
55537
61541
64543
70547
79553
88559
91561
100567
106571
109573
124583
133589
145597
4731
7885
11039
17347
20501
26809
36271
45733
48887
58349
64657
67811
74119
83581
93043
96197
105659
111967
115121
124583
140353
152969
5073
8455
11837
18601
21983
28747
38893
49039
52421
62567
69331
72713
79477
89623
99769
103151
113297
120061
123443
133589
140353
164027
5529
9215
12901
20273
23959
31331
42389
53447
57133
68191
75563
79249
86621
97679
108737
112423
123481
130853
134539
145597
152969
164027
345
483
759
897
1173
1311
2001
2139
2553
2829
2967
3243
3657
4071
4209
4623
4899
5037
5451
5727
6141
6693
345
805
1265
1495
1955
2185
3335
3565
4255
4715
4945
5405
6095
6785
7015
7705
8165
8395
9085
9545
10235
11155
483
805
1771
2093
2737
3059
4669
4991
5957
6601
6923
7567
8533
9499
9821
10787
11431
11753
12719
13363
14329
15617
759
1265
1771
3289
4301
4807
7337
7843
9361
10373
10879
11891
13409
14927
15433
16951
17963
18469
19987
20999
22517
24541
897
1495
2093
3289
5083
5681
8671
9269
11063
12259
12857
14053
15847
17641
18239
20033
21229
21827
23621
24817
26611
29003
1173
1955
2737
4301
5083
7429
11339
12121
14467
16031
16813
18377
20723
23069
23851
26197
27761
28543
30889
32453
34799
37927
1311
2185
3059
4807
5681
7429
12673
13547
16169
17917
18791
20539
23161
25783
26657
29279
31027
31901
34523
36271
38893
42389
2001
3335
4669
7337
8671
11339
12673
20677
24679
27347
28681
31349
35351
39353
40687
44689
47357
48691
52693
55361
59363
64699
2139
3565
4991
7843
9269
12121
13547
20677
26381
29233
30659
33511
37789
42067
43493
47771
50623
52049
56327
59179
63457
69161
2553
4255
5957
9361
11063
14467
16169
24679
26381
34891
36593
39997
45103
50209
51911
57017
60421
62123
67229
70633
75739
82547
2829
4715
6601
10373
12259
16031
17917
27347
29233
34891
40549
44321
49979
55637
57523
63181
66953
68839
74497
78269
83927
91471
2967
4945
6923
10879
12857
16813
18791
28681
30659
36593
40549
46483
52417
58351
60329
66263
70219
72197
78131
82087
88021
95933
3243
5405
7567
11891
14053
18377
20539
31349
33511
39997
44321
46483
57293
63779
65941
72427
76751
78913
85399
89723
96209
104857
3657
6095
8533
13409
15847
20723
23161
35351
37789
45103
49979
52417
57293
71921
74359
81673
86549
88987
96301
101177
108491
118243
4071
6785
9499
14927
17641
23069
25783
39353
42067
50209
55637
58351
63779
71921
82777
90919
96347
99061
107203
112631
120773
131629
4209
7015
9821
15433
18239
23851
26657
40687
43493
51911
57523
60329
65941
74359
82777
94001
99613
102419
110837
116449
124867
136091
4623
7705
10787
16951
20033
26197
29279
44689
47771
57017
63181
66263
72427
81673
90919
94001
109411
112493
121739
127903
137149
149477
4899
8165
11431
17963
21229
27761
31027
47357
50623
60421
66953
70219
76751
86549
96347
99613
109411
119209
129007
135539
145337
158401
5037
8395
11753
18469
21827
28543
31901
48691
52049
62123
68839
72197
78913
88987
99061
102419
112493
119209
132641
139357
149431
162863
5451
9085
12719
19987
23621
30889
34523
52693
56327
67229
74497
78131
85399
96301
107203
110837
121739
129007
132641
150811
161713
176249
5727
9545
13363
20999
24817
32453
36271
55361
59179
70633
78269
82087
89723
101177
112631
116449
127903
135539
139357
150811
169901
185173
6141
10235
14329
22517
26611
34799
38893
59363
63457
75739
83927
88021
96209
108491
120773
124867
137149
145337
149431
161713
169901
198559
6693
11155
15617
24541
29003
37927
42389
64699
69161
82547
91471
95933
104857
118243
131629
136091
149477
158401
162863
176249
185173
198559
435
609
957
1131
1479
1653
2001
2697
3219
3567
3741
4089
4611
5133
5307
5829
6177
6351
6873
7221
7743
8439
435
1015
1595
1885
2465
2755
3335
4495
5365
5945
6235
6815
7685
8555
8845
9715
10295
10585
11455
12035
12905
14065
609
1015
2233
2639
3451
3857
4669
6293
7511
8323
8729
9541
10759
11977
12383
13601
14413
14819
16037
16849
18067
19691
957
1595
2233
4147
5423
6061
7337
9889
11803
13079
13717
14993
16907
18821
19459
21373
22649
23287
25201
26477
28391
30943
1131
1885
2639
4147
6409
7163
8671
11687
13949
15457
16211
17719
19981
22243
22997
25259
26767
27521
29783
31291
33553
36569
1479
2465
3451
5423
6409
9367
11339
15283
18241
20213
21199
23171
26129
29087
30073
33031
35003
35989
38947
40919
43877
47821
1653
2755
3857
6061
7163
9367
12673
17081
20387
22591
23693
25897
29203
32509
33611
36917
39121
40223
43529
45733
49039
53447
2001
3335
4669
7337
8671
11339
12673
20677
24679
27347
28681
31349
35351
39353
40687
44689
47357
48691
52693
55361
59363
64699
2697
4495
6293
9889
11687
15283
17081
20677
33263
36859
38657
42253
47647
53041
54839
60233
63829
65627
71021
74617
80011
87203
3219
5365
7511
11803
13949
18241
20387
24679
33263
43993
46139
50431
56869
63307
65453
71891
76183
78329
84767
89059
95497
104081
3567
5945
8323
13079
15457
20213
22591
27347
36859
43993
51127
55883
63017
70151
72529
79663
84419
86797
93931
98687
105821
115333
3741
6235
8729
13717
16211
21199
23693
28681
38657
46139
51127
58609
66091
73573
76067
83549
88537
91031
98513
103501
110983
120959
4089
6815
9541
14993
17719
23171
25897
31349
42253
50431
55883
58609
72239
80417
83143
91321
96773
99499
107677
113129
121307
132211
4611
7685
10759
16907
19981
26129
29203
35351
47647
56869
63017
66091
72239
90683
93757
102979
109127
112201
121423
127571
136793
149089
5133
8555
11977
18821
22243
29087
32509
39353
53041
63307
70151
73573
80417
90683
104371
114637
121481
124903
135169
142013
152279
165967
5307
8845
12383
19459
22997
30073
33611
40687
54839
65453
72529
76067
83143
93757
104371
118523
125599
129137
139751
146827
157441
171593
5829
9715
13601
21373
25259
33031
36917
44689
60233
71891
79663
83549
91321
102979
114637
118523
137953
141839
153497
161269
172927
188471
6177
10295
14413
22649
26767
35003
39121
47357
63829
76183
84419
88537
96773
109127
121481
125599
137953
150307
162661
170897
183251
199723
6351
10585
14819
23287
27521
35989
40223
48691
65627
78329
86797
91031
99499
112201
124903
129137
141839
150307
167243
175711
188413
205349
6873
11455
16037
25201
29783
38947
43529
52693
71021
84767
93931
98513
107677
121423
135169
139751
153497
162661
167243
190153
203899
222227
7221
12035
16849
26477
31291
40919
45733
55361
74617
89059
98687
103501
113129
127571
142013
146827
161269
170897
175711
190153
214223
233479
7743
12905
18067
28391
33553
43877
49039
59363
80011
95497
105821
110983
121307
136793
152279
157441
172927
183251
188413
203899
214223
250357
8439
14065
19691
30943
36569
47821
53447
64699
87203
104081
115333
120959
132211
149089
165967
171593
188471
199723
205349
222227
233479
250357
465
651
1023
1209
1581
1767
2139
2697
3441
3813
3999
4371
4929
5487
5673
6231
6603
6789
7347
7719
8277
9021
465
1085
1705
2015
2635
2945
3565
4495
5735
6355
6665
7285
8215
9145
9455
10385
11005
11315
12245
12865
13795
15035
651
1085
2387
2821
3689
4123
4991
6293
8029
8897
9331
10199
11501
12803
13237
14539
15407
15841
17143
18011
19313
21049
1023
1705
2387
4433
5797
6479
7843
9889
12617
13981
14663
16027
18073
20119
20801
22847
24211
24893
26939
28303
30349
33077
1209
2015
2821
4433
6851
7657
9269
11687
14911
16523
17329
18941
21359
23777
24583
27001
28613
29419
31837
33449
35867
39091
1581
2635
3689
5797
6851
10013
12121
15283
19499
21607
22661
24769
27931
31093
32147
35309
37417
38471
41633
43741
46903
51119
1767
2945
4123
6479
7657
10013
13547
17081
21793
24149
25327
27683
31217
34751
35929
39463
41819
42997
46531
48887
52421
57133
2139
3565
4991
7843
9269
12121
13547
20677
26381
29233
30659
33511
37789
42067
43493
47771
50623
52049
56327
59179
63457
69161
2697
4495
6293
9889
11687
15283
17081
20677
33263
36859
38657
42253
47647
53041
54839
60233
63829
65627
71021
74617
80011
87203
3441
5735
8029
12617
14911
19499
21793
26381
33263
47027
49321
53909
60791
67673
69967
76849
81437
83731
90613
95201
102083
111259
3813
6355
8897
13981
16523
21607
24149
29233
36859
47027
54653
59737
67363
74989
77531
85157
90241
92783
100409
105493
113119
123287
3999
6665
9331
14663
17329
22661
25327
30659
38657
49321
54653
62651
70649
78647
81313
89311
94643
97309
105307
110639
118637
129301
4371
7285
10199
16027
18941
24769
27683
33511
42253
53909
59737
62651
77221
85963
88877
97619
103447
106361
115103
120931
129673
141329
4929
8215
11501
18073
21359
27931
31217
37789
47647
60791
67363
70649
77221
96937
100223
110081
116653
119939
129797
136369
146227
159371
5487
9145
12803
20119
23777
31093
34751
42067
53041
67673
74989
78647
85963
96937
111569
122543
129859
133517
144491
151807
162781
177413
5673
9455
13237
20801
24583
32147
35929
43493
54839
69967
77531
81313
88877
100223
111569
126697
134261
138043
149389
156953
168299
183427
6231
10385
14539
22847
27001
35309
39463
47771
60233
76849
85157
89311
97619
110081
122543
126697
147467
151621
164083
172391
184853
201469
6603
11005
15407
24211
28613
37417
41819
50623
63829
81437
90241
94643
103447
116653
129859
134261
147467
160673
173879
182683
195889
213497
6789
11315
15841
24893
29419
38471
42997
52049
65627
83731
92783
97309
106361
119939
133517
138043
151621
160673
178777
187829
201407
219511
7347
12245
17143
26939
31837
41633
46531
56327
71021
90613
100409
105307
115103
129797
144491
149389
164083
173879
178777
203267
217961
237553
7719
12865
18011
28303
33449
43741
48887
59179
74617
95201
105493
110639
120931
136369
151807
156953
172391
182683
187829
203267
228997
249581
8277
13795
19313
30349
35867
46903
52421
63457
80011
102083
113119
118637
129673
146227
162781
168299
184853
195889
201407
217961
228997
267623
9021
15035
21049
33077
39091
51119
57133
69161
87203
111259
123287
129301
141329
159371
177413
183427
201469
213497
219511
237553
249581
267623
555
777
1221
1443
1887
2109
2553
3219
3441
4551
4773
5217
5883
6549
6771
7437
7881
8103
8769
9213
9879
10767
555
1295
2035
2405
3145
3515
4255
5365
5735
7585
7955
8695
9805
10915
11285
12395
13135
13505
14615
15355
16465
17945
777
1295
2849
3367
4403
4921
5957
7511
8029
10619
11137
12173
13727
15281
15799
17353
18389
18907
20461
21497
23051
25123
1221
2035
2849
5291
6919
7733
9361
11803
12617
16687
17501
19129
21571
24013
24827
27269
28897
29711
32153
33781
36223
39479
1443
2405
3367
5291
8177
9139
11063
13949
14911
19721
20683
22607
25493
28379
29341
32227
34151
35113
37999
39923
42809
46657
1887
3145
4403
6919
8177
11951
14467
18241
19499
25789
27047
29563
33337
37111
38369
42143
44659
45917
49691
52207
55981
61013
2109
3515
4921
7733
9139
11951
16169
20387
21793
28823
30229
33041
37259
41477
42883
47101
49913
51319
55537
58349
62567
68191
2553
4255
5957
9361
11063
14467
16169
24679
26381
34891
36593
39997
45103
50209
51911
57017
60421
62123
67229
70633
75739
82547
3219
5365
7511
11803
13949
18241
20387
24679
33263
43993
46139
50431
56869
63307
65453
71891
76183
78329
84767
89059
95497
104081
3441
5735
8029
12617
14911
19499
21793
26381
33263
47027
49321
53909
60791
67673
69967
76849
81437
83731
90613
95201
102083
111259
4551
7585
10619
16687
19721
25789
28823
34891
43993
47027
65231
71299
80401
89503
92537
101639
107707
110741
119843
125911
135013
147149
4773
7955
11137
17501
20683
27047
30229
36593
46139
49321
65231
74777
84323
93869
97051
106597
112961
116143
125689
132053
141599
154327
5217
8695
12173
19129
22607
29563
33041
39997
50431
53909
71299
74777
92167
102601
106079
116513
123469
126947
137381
144337
154771
168683
5883
9805
13727
21571
25493
33337
37259
45103
56869
60791
80401
84323
92167
115699
119621
131387
139231
143153
154919
162763
174529
190217
6549
10915
15281
24013
28379
37111
41477
50209
63307
67673
89503
93869
102601
115699
133163
146261
154993
159359
172457
181189
194287
211751
6771
11285
15799
24827
29341
38369
42883
51911
65453
69967
92537
97051
106079
119621
133163
151219
160247
164761
178303
187331
200873
218929
7437
12395
17353
27269
32227
42143
47101
57017
71891
76849
101639
106597
116513
131387
146261
151219
176009
180967
195841
205757
220631
240463
7881
13135
18389
28897
34151
44659
49913
60421
76183
81437
107707
112961
123469
139231
154993
160247
176009
191771
207533
218041
233803
254819
8103
13505
18907
29711
35113
45917
51319
62123
78329
83731
110741
116143
126947
143153
159359
164761
180967
191771
213379
224183
240389
261997
8769
14615
20461
32153
37999
49691
55537
67229
84767
90613
119843
125689
137381
154919
172457
178303
195841
207533
213379
242609
260147
283531
9213
15355
21497
33781
39923
52207
58349
70633
89059
95201
125911
132053
144337
162763
181189
187331
205757
218041
224183
242609
273319
297887
9879
16465
23051
36223
42809
55981
62567
75739
95497
102083
135013
141599
154771
174529
194287
200873
220631
233803
240389
260147
273319
319421
10767
17945
25123
39479
46657
61013
68191
82547
104081
111259
147149
154327
168683
190217
211751
218929
240463
254819
261997
283531
297887
319421
615
861
1353
1599
2091
2337
2829
3567
3813
4551
5289
5781
6519
7257
7503
8241
8733
8979
9717
10209
10947
11931
615
1435
2255
2665
3485
3895
4715
5945
6355
7585
8815
9635
10865
12095
12505
13735
14555
14965
16195
17015
18245
19885
861
1435
3157
3731
4879
5453
6601
8323
8897
10619
12341
13489
15211
16933
17507
19229
20377
20951
22673
23821
25543
27839
1353
2255
3157
5863
7667
8569
10373
13079
13981
16687
19393
21197
23903
26609
27511
30217
32021
32923
35629
37433
40139
43747
1599
2665
3731
5863
9061
10127
12259
15457
16523
19721
22919
25051
28249
31447
32513
35711
37843
38909
42107
44239
47437
51701
2091
3485
4879
7667
9061
13243
16031
20213
21607
25789
29971
32759
36941
41123
42517
46699
49487
50881
55063
57851
62033
67609
2337
3895
5453
8569
10127
13243
17917
22591
24149
28823
33497
36613
41287
45961
47519
52193
55309
56867
61541
64657
69331
75563
2829
4715
6601
10373
12259
16031
17917
27347
29233
34891
40549
44321
49979
55637
57523
63181
66953
68839
74497
78269
83927
91471
3567
5945
8323
13079
15457
20213
22591
27347
36859
43993
51127
55883
63017
70151
72529
79663
84419
86797
93931
98687
105821
115333
3813
6355
8897
13981
16523
21607
24149
29233
36859
47027
54653
59737
67363
74989
77531
85157
90241
92783
100409
105493
113119
123287
4551
7585
10619
16687
19721
25789
28823
34891
43993
47027
65231
71299
80401
89503
92537
101639
107707
110741
119843
125911
135013
147149
5289
8815
12341
19393
22919
29971
33497
40549
51127
54653
65231
82861
93439
104017
107543
118121
125173
128699
139277
146329
156907
171011
5781
9635
13489
21197
25051
32759
36613
44321
55883
59737
71299
82861
102131
113693
117547
129109
136817
140671
152233
159941
171503
186919
6519
10865
15211
23903
28249
36941
41287
49979
63017
67363
80401
93439
102131
128207
132553
145591
154283
158629
171667
180359
193397
210781
7257
12095
16933
26609
31447
41123
45961
55637
70151
74989
89503
104017
113693
128207
147559
162073
171749
176587
191101
200777
215291
234643
7503
12505
17507
27511
32513
42517
47519
57523
72529
77531
92537
107543
117547
132553
147559
167567
177571
182573
197579
207583
222589
242597
8241
13735
19229
30217
35711
46699
52193
63181
79663
85157
101639
118121
129109
145591
162073
167567
195037
200531
217013
228001
244483
266459
8733
14555
20377
32021
37843
49487
55309
66953
84419
90241
107707
125173
136817
154283
171749
177571
195037
212503
229969
241613
259079
282367
8979
14965
20951
32923
38909
50881
56867
68839
86797
92783
110741
128699
140671
158629
176587
182573
200531
212503
236447
248419
266377
290321
9717
16195
22673
35629
42107
55063
61541
74497
93931
100409
119843
139277
152233
171667
191101
197579
217013
229969
236447
268837
288271
314183
10209
17015
23821
37433
44239
57851
64657
78269
98687
105493
125911
146329
159941
180359
200777
207583
228001
241613
248419
268837
302867
330091
10947
18245
25543
40139
47437
62033
69331
83927
105821
113119
135013
156907
171503
193397
215291
222589
244483
259079
266377
288271
302867
353953
11931
19885
27839
43747
51701
67609
75563
91471
115333
123287
147149
171011
186919
210781
234643
242597
266459
282367
290321
314183
330091
353953
645
903
1419
1677
2193
2451
2967
3741
3999
4773
5289
6063
6837
7611
7869
8643
9159
9417
10191
10707
11481
12513
645
1505
2365
2795
3655
4085
4945
6235
6665
7955
8815
10105
11395
12685
13115
14405
15265
15695
16985
17845
19135
20855
903
1505
3311
3913
5117
5719
6923
8729
9331
11137
12341
14147
15953
17759
18361
20167
21371
21973
23779
24983
26789
29197
1419
2365
3311
6149
8041
8987
10879
13717
14663
17501
19393
22231
25069
27907
28853
31691
33583
34529
37367
39259
42097
45881
1677
2795
3913
6149
9503
10621
12857
16211
17329
20683
22919
26273
29627
32981
34099
37453
39689
40807
44161
46397
49751
54223
2193
3655
5117
8041
9503
13889
16813
21199
22661
27047
29971
34357
38743
43129
44591
48977
51901
53363
57749
60673
65059
70907
2451
4085
5719
8987
10621
13889
18791
23693
25327
30229
33497
38399
43301
48203
49837
54739
58007
59641
64543
67811
72713
79249
2967
4945
6923
10879
12857
16813
18791
28681
30659
36593
40549
46483
52417
58351
60329
66263
70219
72197
78131
82087
88021
95933
3741
6235
8729
13717
16211
21199
23693
28681
38657
46139
51127
58609
66091
73573
76067
83549
88537
91031
98513
103501
110983
120959
3999
6665
9331
14663
17329
22661
25327
30659
38657
49321
54653
62651
70649
78647
81313
89311
94643
97309
105307
110639
118637
129301
4773
7955
11137
17501
20683
27047
30229
36593
46139
49321
65231
74777
84323
93869
97051
106597
112961
116143
125689
132053
141599
154327
5289
8815
12341
19393
22919
29971
33497
40549
51127
54653
65231
82861
93439
104017
107543
118121
125173
128699
139277
146329
156907
171011
6063
10105
14147
22231
26273
34357
38399
46483
58609
62651
74777
82861
107113
119239
123281
135407
143491
147533
159659
167743
179869
196037
6837
11395
15953
25069
29627
38743
43301
52417
66091
70649
84323
93439
107113
134461
139019
152693
161809
166367
180041
189157
202831
221063
7611
12685
17759
27907
32981
43129
48203
58351
73573
78647
93869
104017
119239
134461
154757
169979
180127
185201
200423
210571
225793
246089
7869
13115
18361
28853
34099
44591
49837
60329
76067
81313
97051
107543
123281
139019
154757
175741
186233
191479
207217
217709
233447
254431
8643
14405
20167
31691
37453
48977
54739
66263
83549
89311
106597
118121
135407
152693
169979
175741
204551
210313
227599
239123
256409
279457
9159
15265
21371
33583
39689
51901
58007
70219
88537
94643
112961
125173
143491
161809
180127
186233
204551
222869
241187
253399
271717
296141
9417
15695
21973
34529
40807
53363
59641
72197
91031
97309
116143
128699
147533
166367
185201
191479
210313
222869
247981
260537
279371
304483
10191
16985
23779
37367
44161
57749
64543
78131
98513
105307
125689
139277
159659
180041
200423
207217
227599
241187
247981
281951
302333
329509
10707
17845
24983
39259
46397
60673
67811
82087
103501
110639
132053
146329
167743
189157
210571
217709
239123
253399
260537
281951
317641
346193
11481
19135
26789
42097
49751
65059
72713
88021
110983
118637
141599
156907
179869
202831
225793
233447
256409
271717
279371
302333
317641
371219
12513
20855
29197
45881
54223
70907
79249
95933
120959
129301
154327
171011
196037
221063
246089
254431
279457
296141
304483
329509
346193
371219
705
987
1551
1833
2397
2679
3243
4089
4371
5217
5781
6063
7473
8319
8601
9447
10011
10293
11139
11703
12549
13677
705
1645
2585
3055
3995
4465
5405
6815
7285
8695
9635
10105
12455
13865
14335
15745
16685
17155
18565
19505
20915
22795
987
1645
3619
4277
5593
6251
7567
9541
10199
12173
13489
14147
17437
19411
20069
22043
23359
24017
25991
27307
29281
31913
1551
2585
3619
6721
8789
9823
11891
14993
16027
19129
21197
22231
27401
30503
31537
34639
36707
37741
40843
42911
46013
50149
1833
3055
4277
6721
10387
11609
14053
17719
18941
22607
25051
26273
32383
36049
37271
40937
43381
44603
48269
50713
54379
59267
2397
3995
5593
8789
10387
15181
18377
23171
24769
29563
32759
34357
42347
47141
48739
53533
56729
58327
63121
66317
71111
77503
2679
4465
6251
9823
11609
15181
20539
25897
27683
33041
36613
38399
47329
52687
54473
59831
63403
65189
70547
74119
79477
86621
3243
5405
7567
11891
14053
18377
20539
31349
33511
39997
44321
46483
57293
63779
65941
72427
76751
78913
85399
89723
96209
104857
4089
6815
9541
14993
17719
23171
25897
31349
42253
50431
55883
58609
72239
80417
83143
91321
96773
99499
107677
113129
121307
132211
4371
7285
10199
16027
18941
24769
27683
33511
42253
53909
59737
62651
77221
85963
88877
97619
103447
106361
115103
120931
129673
141329
5217
8695
12173
19129
22607
29563
33041
39997
50431
53909
71299
74777
92167
102601
106079
116513
123469
126947
137381
144337
154771
168683
5781
9635
13489
21197
25051
32759
36613
44321
55883
59737
71299
82861
102131
113693
117547
129109
136817
140671
152233
159941
171503
186919
6063
10105
14147
22231
26273
34357
38399
46483
58609
62651
74777
82861
107113
119239
123281
135407
143491
147533
159659
167743
179869
196037
7473
12455
17437
27401
32383
42347
47329
57293
72239
77221
92167
102131
107113
146969
151951
166897
176861
181843
196789
206753
221699
241627
8319
13865
19411
30503
36049
47141
52687
63779
80417
85963
102601
113693
119239
146969
169153
185791
196883
202429
219067
230159
246797
268981
8601
14335
20069
31537
37271
48739
54473
65941
83143
88877
106079
117547
123281
151951
169153
192089
203557
209291
226493
237961
255163
278099
9447
15745
22043
34639
40937
53533
59831
72427
91321
97619
116513
129109
135407
166897
185791
192089
223579
229877
248771
261367
280261
305453
10011
16685
23359
36707
43381
56729
63403
76751
96773
103447
123469
136817
143491
176861
196883
203557
223579
243601
263623
276971
296993
323689
10293
17155
24017
37741
44603
58327
65189
78913
99499
106361
126947
140671
147533
181843
202429
209291
229877
243601
271049
284773
305359
332807
11139
18565
25991
40843
48269
63121
70547
85399
107677
115103
137381
152233
159659
196789
219067
226493
248771
263623
271049
308179
330457
360161
11703
19505
27307
42911
50713
66317
74119
89723
113129
120931
144337
159941
167743
206753
230159
237961
261367
276971
284773
308179
347189
378397
12549
20915
29281
46013
54379
71111
79477
96209
121307
129673
154771
171503
179869
221699
246797
255163
280261
296993
305359
330457
347189
405751
13677
22795
31913
50149
59267
77503
86621
104857
132211
141329
168683
186919
196037
241627
268981
278099
305453
323689
332807
360161
378397
405751
795
1113
1749
2067
2703
3021
3657
4611
4929
5883
6519
6837
7473
9381
9699
10653
11289
11607
12561
13197
14151
15423
795
1855
2915
3445
4505
5035
6095
7685
8215
9805
10865
11395
12455
15635
16165
17755
18815
19345
20935
21995
23585
25705
1113
1855
4081
4823
6307
7049
8533
10759
11501
13727
15211
15953
17437
21889
22631
24857
26341
27083
29309
30793
33019
35987
1749
2915
4081
7579
9911
11077
13409
16907
18073
21571
23903
25069
27401
34397
35563
39061
41393
42559
46057
48389
51887
56551
2067
3445
4823
7579
11713
13091
15847
19981
21359
25493
28249
29627
32383
40651
42029
46163
48919
50297
54431
57187
61321
66833
2703
4505
6307
9911
11713
17119
20723
26129
27931
33337
36941
38743
42347
53159
54961
60367
63971
65773
71179
74783
80189
87397
3021
5035
7049
11077
13091
17119
23161
29203
31217
37259
41287
43301
47329
59413
61427
67469
71497
73511
79553
83581
89623
97679
3657
6095
8533
13409
15847
20723
23161
35351
37789
45103
49979
52417
57293
71921
74359
81673
86549
88987
96301
101177
108491
118243
4611
7685
10759
16907
19981
26129
29203
35351
47647
56869
63017
66091
72239
90683
93757
102979
109127
112201
121423
127571
136793
149089
4929
8215
11501
18073
21359
27931
31217
37789
47647
60791
67363
70649
77221
96937
100223
110081
116653
119939
129797
136369
146227
159371
5883
9805
13727
21571
25493
33337
37259
45103
56869
60791
80401
84323
92167
115699
119621
131387
139231
143153
154919
162763
174529
190217
6519
10865
15211
23903
28249
36941
41287
49979
63017
67363
80401
93439
102131
128207
132553
145591
154283
158629
171667
180359
193397
210781
6837
11395
15953
25069
29627
38743
43301
52417
66091
70649
84323
93439
107113
134461
139019
152693
161809
166367
180041
189157
202831
221063
7473
12455
17437
27401
32383
42347
47329
57293
72239
77221
92167
102131
107113
146969
151951
166897
176861
181843
196789
206753
221699
241627
9381
15635
21889
34397
40651
53159
59413
71921
90683
96937
115699
128207
134461
146969
190747
209509
222017
228271
247033
259541
278303
303319
9699
16165
22631
35563
42029
54961
61427
74359
93757
100223
119621
132553
139019
151951
190747
216611
229543
236009
255407
268339
287737
313601
10653
17755
24857
39061
46163
60367
67469
81673
102979
110081
131387
145591
152693
166897
209509
216611
252121
259223
280529
294733
316039
344447
11289
18815
26341
41393
48919
63971
71497
86549
109127
116653
139231
154283
161809
176861
222017
229543
252121
274699
297277
312329
334907
365011
11607
19345
27083
42559
50297
65773
73511
88987
112201
119939
143153
158629
166367
181843
228271
236009
259223
274699
305651
321127
344341
375293
12561
20935
29309
46057
54431
71179
79553
96301
121423
129797
154919
171667
180041
196789
247033
255407
280529
297277
305651
347521
372643
406139
13197
21995
30793
48389
57187
74783
83581
101177
127571
136369
162763
180359
189157
206753
259541
268339
294733
312329
321127
347521
391511
426703
14151
23585
33019
51887
61321
80189
89623
108491
136793
146227
174529
193397
202831
221699
278303
287737
316039
334907
344341
372643
391511
457549
15423
25705
35987
56551
66833
87397
97679
118243
149089
159371
190217
210781
221063
241627
303319
313601
344447
365011
375293
406139
426703
457549
885
1239
1947
2301
3009
3363
4071
5133
5487
6549
7257
7611
8319
9381
10797
11859
12567
12921
13983
14691
15753
17169
885
2065
3245
3835
5015
5605
6785
8555
9145
10915
12095
12685
13865
15635
17995
19765
20945
21535
23305
24485
26255
28615
1239
2065
4543
5369
7021
7847
9499
11977
12803
15281
16933
17759
19411
21889
25193
27671
29323
30149
32627
34279
36757
40061
1947
3245
4543
8437
11033
12331
14927
18821
20119
24013
26609
27907
30503
34397
39589
43483
46079
47377
51271
53867
57761
62953
2301
3835
5369
8437
13039
14573
17641
22243
23777
28379
31447
32981
36049
40651
46787
51389
54457
55991
60593
63661
68263
74399
3009
5015
7021
11033
13039
19057
23069
29087
31093
37111
41123
43129
47141
53159
61183
67201
71213
73219
79237
83249
89267
97291
3363
5605
7847
12331
14573
19057
25783
32509
34751
41477
45961
48203
52687
59413
68381
75107
79591
81833
88559
93043
99769
108737
4071
6785
9499
14927
17641
23069
25783
39353
42067
50209
55637
58351
63779
71921
82777
90919
96347
99061
107203
112631
120773
131629
5133
8555
11977
18821
22243
29087
32509
39353
53041
63307
70151
73573
80417
90683
104371
114637
121481
124903
135169
142013
152279
165967
5487
9145
12803
20119
23777
31093
34751
42067
53041
67673
74989
78647
85963
96937
111569
122543
129859
133517
144491
151807
162781
177413
6549
10915
15281
24013
28379
37111
41477
50209
63307
67673
89503
93869
102601
115699
133163
146261
154993
159359
172457
181189
194287
211751
7257
12095
16933
26609
31447
41123
45961
55637
70151
74989
89503
104017
113693
128207
147559
162073
171749
176587
191101
200777
215291
234643
7611
12685
17759
27907
32981
43129
48203
58351
73573
78647
93869
104017
119239
134461
154757
169979
180127
185201
200423
210571
225793
246089
8319
13865
19411
30503
36049
47141
52687
63779
80417
85963
102601
113693
119239
146969
169153
185791
196883
202429
219067
230159
246797
268981
9381
15635
21889
34397
40651
53159
59413
71921
90683
96937
115699
128207
134461
146969
190747
209509
222017
228271
247033
259541
278303
303319
10797
17995
25193
39589
46787
61183
68381
82777
104371
111569
133163
147559
154757
169153
190747
241133
255529
262727
284321
298717
320311
349103
11859
19765
27671
43483
51389
67201
75107
90919
114637
122543
146261
162073
169979
185791
209509
241133
280663
288569
312287
328099
351817
383441
12567
20945
29323
46079
54457
71213
79591
96347
121481
129859
154993
171749
180127
196883
222017
255529
280663
305797
330931
347687
372821
406333
12921
21535
30149
47377
55991
73219
81833
99061
124903
133517
159359
176587
185201
202429
228271
262727
288569
305797
340253
357481
383323
417779
13983
23305
32627
51271
60593
79237
88559
107203
135169
144491
172457
191101
200423
219067
247033
284321
312287
330931
340253
386863
414829
452117
14691
24485
34279
53867
63661
83249
93043
112631
142013
151807
181189
200777
210571
230159
259541
298717
328099
347687
357481
386863
435833
475009
15753
26255
36757
57761
68263
89267
99769
120773
152279
162781
194287
215291
225793
246797
278303
320311
351817
372821
383323
414829
435833
509347
17169
28615
40061
62953
74399
97291
108737
131629
165967
177413
211751
234643
246089
268981
303319
349103
383441
406333
417779
452117
475009
509347
915
1281
2013
2379
3111
3477
4209
5307
5673
6771
7503
7869
8601
9699
10797
12261
12993
13359
14457
15189
16287
17751
915
2135
3355
3965
5185
5795
7015
8845
9455
11285
12505
13115
14335
16165
17995
20435
21655
22265
24095
25315
27145
29585
1281
2135
4697
5551
7259
8113
9821
12383
13237
15799
17507
18361
20069
22631
25193
28609
30317
31171
33733
35441
38003
41419
2013
3355
4697
8723
11407
12749
15433
19459
20801
24827
27511
28853
31537
35563
39589
44957
47641
48983
53009
55693
59719
65087
2379
3965
5551
8723
13481
15067
18239
22997
24583
29341
32513
34099
37271
42029
46787
53131
56303
57889
62647
65819
70577
76921
3111
5185
7259
11407
13481
19703
23851
30073
32147
38369
42517
44591
48739
54961
61183
69479
73627
75701
81923
86071
92293
100589
3477
5795
8113
12749
15067
19703
26657
33611
35929
42883
47519
49837
54473
61427
68381
77653
82289
84607
91561
96197
103151
112423
4209
7015
9821
15433
18239
23851
26657
40687
43493
51911
57523
60329
65941
74359
82777
94001
99613
102419
110837
116449
124867
136091
5307
8845
12383
19459
22997
30073
33611
40687
54839
65453
72529
76067
83143
93757
104371
118523
125599
129137
139751
146827
157441
171593
5673
9455
13237
20801
24583
32147
35929
43493
54839
69967
77531
81313
88877
100223
111569
126697
134261
138043
149389
156953
168299
183427
6771
11285
15799
24827
29341
38369
42883
51911
65453
69967
92537
97051
106079
119621
133163
151219
160247
164761
178303
187331
200873
218929
7503
12505
17507
27511
32513
42517
47519
57523
72529
77531
92537
107543
117547
132553
147559
167567
177571
182573
197579
207583
222589
242597
7869
13115
18361
28853
34099
44591
49837
60329
76067
81313
97051
107543
123281
139019
154757
175741
186233
191479
207217
217709
233447
254431
8601
14335
20069
31537
37271
48739
54473
65941
83143
88877
106079
117547
123281
151951
169153
192089
203557
209291
226493
237961
255163
278099
9699
16165
22631
35563
42029
54961
61427
74359
93757
100223
119621
132553
139019
151951
190747
216611
229543
236009
255407
268339
287737
313601
10797
17995
25193
39589
46787
61183
68381
82777
104371
111569
133163
147559
154757
169153
190747
241133
255529
262727
284321
298717
320311
349103
12261
20435
28609
44957
53131
69479
77653
94001
118523
126697
151219
167567
175741
192089
216611
241133
290177
298351
322873
339221
363743
396439
12993
21655
30317
47641
56303
73627
82289
99613
125599
134261
160247
177571
186233
203557
229543
255529
290177
316163
342149
359473
385459
420107
13359
22265
31171
48983
57889
75701
84607
102419
129137
138043
164761
182573
191479
209291
236009
262727
298351
316163
351787
369599
396317
431941
14457
24095
33733
53009
62647
81923
91561
110837
139751
149389
178303
197579
207217
226493
255407
284321
322873
342149
351787
399977
428891
467443
15189
25315
35441
55693
65819
86071
96197
116449
146827
156953
187331
207583
217709
237961
268339
298717
339221
359473
369599
399977
450607
491111
16287
27145
38003
59719
70577
92293
103151
124867
157441
168299
200873
222589
233447
255163
287737
320311
363743
385459
396317
428891
450607
526613
17751
29585
41419
65087
76921
100589
112423
136091
171593
183427
218929
242597
254431
278099
313601
349103
396439
420107
431941
467443
491111
526613
1005
1407
2211
2613
3417
3819
4623
5829
6231
7437
8241
8643
9447
10653
11859
12261
14271
14673
15879
16683
17889
19497
1005
2345
3685
4355
5695
6365
7705
9715
10385
12395
13735
14405
15745
17755
19765
20435
23785
24455
26465
27805
29815
32495
1407
2345
5159
6097
7973
8911
10787
13601
14539
17353
19229
20167
22043
24857
27671
28609
33299
34237
37051
38927
41741
45493
2211
3685
5159
9581
12529
14003
16951
21373
22847
27269
30217
31691
34639
39061
43483
44957
52327
53801
58223
61171
65593
71489
2613
4355
6097
9581
14807
16549
20033
25259
27001
32227
35711
37453
40937
46163
51389
53131
61841
63583
68809
72293
77519
84487
3417
5695
7973
12529
14807
21641
26197
33031
35309
42143
46699
48977
53533
60367
67201
69479
80869
83147
89981
94537
101371
110483
3819
6365
8911
14003
16549
21641
29279
36917
39463
47101
52193
54739
59831
67469
75107
77653
90383
92929
100567
105659
113297
123481
4623
7705
10787
16951
20033
26197
29279
44689
47771
57017
63181
66263
72427
81673
90919
94001
109411
112493
121739
127903
137149
149477
5829
9715
13601
21373
25259
33031
36917
44689
60233
71891
79663
83549
91321
102979
114637
118523
137953
141839
153497
161269
172927
188471
6231
10385
14539
22847
27001
35309
39463
47771
60233
76849
85157
89311
97619
110081
122543
126697
147467
151621
164083
172391
184853
201469
7437
12395
17353
27269
32227
42143
47101
57017
71891
76849
101639
106597
116513
131387
146261
151219
176009
180967
195841
205757
220631
240463
8241
13735
19229
30217
35711
46699
52193
63181
79663
85157
101639
118121
129109
145591
162073
167567
195037
200531
217013
228001
244483
266459
8643
14405
20167
31691
37453
48977
54739
66263
83549
89311
106597
118121
135407
152693
169979
175741
204551
210313
227599
239123
256409
279457
9447
15745
22043
34639
40937
53533
59831
72427
91321
97619
116513
129109
135407
166897
185791
192089
223579
229877
248771
261367
280261
305453
10653
17755
24857
39061
46163
60367
67469
81673
102979
110081
131387
145591
152693
166897
209509
216611
252121
259223
280529
294733
316039
344447
11859
19765
27671
43483
51389
67201
75107
90919
114637
122543
146261
162073
169979
185791
209509
241133
280663
288569
312287
328099
351817
383441
12261
20435
28609
44957
53131
69479
77653
94001
118523
126697
151219
167567
175741
192089
216611
241133
290177
298351
322873
339221
363743
396439
14271
23785
33299
52327
61841
80869
90383
109411
137953
147467
176009
195037
204551
223579
252121
280663
290177
347261
375803
394831
423373
461429
14673
24455
34237
53801
63583
83147
92929
112493
141839
151621
180967
200531
210313
229877
259223
288569
298351
347261
386389
405953
435299
474427
15879
26465
37051
58223
68809
89981
100567
121739
153497
164083
195841
217013
227599
248771
280529
312287
322873
375803
386389
439319
471077
513421
16683
27805
38927
61171
72293
94537
105659
127903
161269
172391
205757
228001
239123
261367
294733
328099
339221
394831
405953
439319
494929
539417
17889
29815
41741
65593
77519
101371
113297
137149
172927
184853
220631
244483
256409
280261
316039
351817
363743
423373
435299
471077
494929
578411
19497
32495
45493
71489
84487
110483
123481
149477
188471
201469
240463
266459
279457
305453
344447
383441
396439
461429
474427
513421
539417
578411
1065
1491
2343
2769
3621
4047
4899
6177
6603
7881
8733
9159
10011
11289
12567
12993
14271
15549
16827
17679
18957
20661
1065
2485
3905
4615
6035
6745
8165
10295
11005
13135
14555
15265
16685
18815
20945
21655
23785
25915
28045
29465
31595
34435
1491
2485
5467
6461
8449
9443
11431
14413
15407
18389
20377
21371
23359
26341
29323
30317
33299
36281
39263
41251
44233
48209
2343
3905
5467
10153
13277
14839
17963
22649
24211
28897
32021
33583
36707
41393
46079
47641
52327
57013
61699
64823
69509
75757
2769
4615
6461
10153
15691
17537
21229
26767
28613
34151
37843
39689
43381
48919
54457
56303
61841
67379
72917
76609
82147
89531
3621
6035
8449
13277
15691
22933
27761
35003
37417
44659
49487
51901
56729
63971
71213
73627
80869
88111
95353
100181
107423
117079
4047
6745
9443
14839
17537
22933
31027
39121
41819
49913
55309
58007
63403
71497
79591
82289
90383
98477
106571
111967
120061
130853
4899
8165
11431
17963
21229
27761
31027
47357
50623
60421
66953
70219
76751
86549
96347
99613
109411
119209
129007
135539
145337
158401
6177
10295
14413
22649
26767
35003
39121
47357
63829
76183
84419
88537
96773
109127
121481
125599
137953
150307
162661
170897
183251
199723
6603
11005
15407
24211
28613
37417
41819
50623
63829
81437
90241
94643
103447
116653
129859
134261
147467
160673
173879
182683
195889
213497
7881
13135
18389
28897
34151
44659
49913
60421
76183
81437
107707
112961
123469
139231
154993
160247
176009
191771
207533
218041
233803
254819
8733
14555
20377
32021
37843
49487
55309
66953
84419
90241
107707
125173
136817
154283
171749
177571
195037
212503
229969
241613
259079
282367
9159
15265
21371
33583
39689
51901
58007
70219
88537
94643
112961
125173
143491
161809
180127
186233
204551
222869
241187
253399
271717
296141
10011
16685
23359
36707
43381
56729
63403
76751
96773
103447
123469
136817
143491
176861
196883
203557
223579
243601
263623
276971
296993
323689
11289
18815
26341
41393
48919
63971
71497
86549
109127
116653
139231
154283
161809
176861
222017
229543
252121
274699
297277
312329
334907
365011
12567
20945
29323
46079
54457
71213
79591
96347
121481
129859
154993
171749
180127
196883
222017
255529
280663
305797
330931
347687
372821
406333
12993
21655
30317
47641
56303
73627
82289
99613
125599
134261
160247
177571
186233
203557
229543
255529
290177
316163
342149
359473
385459
420107
14271
23785
33299
52327
61841
80869
90383
109411
137953
147467
176009
195037
204551
223579
252121
280663
290177
347261
375803
394831
423373
461429
15549
25915
36281
57013
67379
88111
98477
119209
150307
160673
191771
212503
222869
243601
274699
305797
316163
347261
409457
430189
461287
502751
16827
28045
39263
61699
72917
95353
106571
129007
162661
173879
207533
229969
241187
263623
297277
330931
342149
375803
409457
465547
499201
544073
17679
29465
41251
64823
76609
100181
111967
135539
170897
182683
218041
241613
253399
276971
312329
347687
359473
394831
430189
465547
524477
571621
18957
31595
44233
69509
82147
107423
120061
145337
183251
195889
233803
259079
271717
296993
334907
372821
385459
423373
461287
499201
524477
612943
20661
34435
48209
75757
89531
117079
130853
158401
199723
213497
254819
282367
296141
323689
365011
406333
420107
461429
502751
544073
571621
612943
1095
1533
2409
2847
3723
4161
5037
6351
6789
8103
8979
9417
10293
11607
12921
13359
14673
15549
17301
18177
19491
21243
1095
2555
4015
4745
6205
6935
8395
10585
11315
13505
14965
15695
17155
19345
21535
22265
24455
25915
28835
30295
32485
35405
1533
2555
5621
6643
8687
9709
11753
14819
15841
18907
20951
21973
24017
27083
30149
31171
34237
36281
40369
42413
45479
49567
2409
4015
5621
10439
13651
15257
18469
23287
24893
29711
32923
34529
37741
42559
47377
48983
53801
57013
63437
66649
71467
77891
2847
4745
6643
10439
16133
18031
21827
27521
29419
35113
38909
40807
44603
50297
55991
57889
63583
67379
74971
78767
84461
92053
3723
6205
8687
13651
16133
23579
28543
35989
38471
45917
50881
53363
58327
65773
73219
75701
83147
88111
98039
103003
110449
120377
4161
6935
9709
15257
18031
23579
31901
40223
42997
51319
56867
59641
65189
73511
81833
84607
92929
98477
109573
115121
123443
134539
5037
8395
11753
18469
21827
28543
31901
48691
52049
62123
68839
72197
78913
88987
99061
102419
112493
119209
132641
139357
149431
162863
6351
10585
14819
23287
27521
35989
40223
48691
65627
78329
86797
91031
99499
112201
124903
129137
141839
150307
167243
175711
188413
205349
6789
11315
15841
24893
29419
38471
42997
52049
65627
83731
92783
97309
106361
119939
133517
138043
151621
160673
178777
187829
201407
219511
8103
13505
18907
29711
35113
45917
51319
62123
78329
83731
110741
116143
126947
143153
159359
164761
180967
191771
213379
224183
240389
261997
8979
14965
20951
32923
38909
50881
56867
68839
86797
92783
110741
128699
140671
158629
176587
182573
200531
212503
236447
248419
266377
290321
9417
15695
21973
34529
40807
53363
59641
72197
91031
97309
116143
128699
147533
166367
185201
191479
210313
222869
247981
260537
279371
304483
10293
17155
24017
37741
44603
58327
65189
78913
99499
106361
126947
140671
147533
181843
202429
209291
229877
243601
271049
284773
305359
332807
11607
19345
27083
42559
50297
65773
73511
88987
112201
119939
143153
158629
166367
181843
228271
236009
259223
274699
305651
321127
344341
375293
12921
21535
30149
47377
55991
73219
81833
99061
124903
133517
159359
176587
185201
202429
228271
262727
288569
305797
340253
357481
383323
417779
13359
22265
31171
48983
57889
75701
84607
102419
129137
138043
164761
182573
191479
209291
236009
262727
298351
316163
351787
369599
396317
431941
14673
24455
34237
53801
63583
83147
92929
112493
141839
151621
180967
200531
210313
229877
259223
288569
298351
347261
386389
405953
435299
474427
15549
25915
36281
57013
67379
88111
98477
119209
150307
160673
191771
212503
222869
243601
274699
305797
316163
347261
409457
430189
461287
502751
17301
28835
40369
63437
74971
98039
109573
132641
167243
178777
213379
236447
247981
271049
305651
340253
351787
386389
409457
478661
513263
559399
18177
30295
42413
66649
78767
103003
115121
139357
175711
187829
224183
248419
260537
284773
321127
357481
369599
405953
430189
478661
539251
587723
19491
32485
45479
71467
84461
110449
123443
149431
188413
201407
240389
266377
279371
305359
344341
383323
396317
435299
461287
513263
539251
630209
21243
35405
49567
77891
92053
120377
134539
162863
205349
219511
261997
290321
304483
332807
375293
417779
431941
474427
502751
559399
587723
630209
1185
1659
2607
3081
4029
4503
5451
6873
7347
8769
9717
10191
11139
12561
13983
14457
15879
16827
17301
19671
21093
22989
1185
2765
4345
5135
6715
7505
9085
11455
12245
14615
16195
16985
18565
20935
23305
24095
26465
28045
28835
32785
35155
38315
1659
2765
6083
7189
9401
10507
12719
16037
17143
20461
22673
23779
25991
29309
32627
33733
37051
39263
40369
45899
49217
53641
2607
4345
6083
11297
14773
16511
19987
25201
26939
32153
35629
37367
40843
46057
51271
53009
58223
61699
63437
72127
77341
84293
3081
5135
7189
11297
17459
19513
23621
29783
31837
37999
42107
44161
48269
54431
60593
62647
68809
72917
74971
85241
91403
99619
4029
6715
9401
14773
17459
25517
30889
38947
41633
49691
55063
57749
63121
71179
79237
81923
89981
95353
98039
111469
119527
130271
4503
7505
10507
16511
19513
25517
34523
43529
46531
55537
61541
64543
70547
79553
88559
91561
100567
106571
109573
124583
133589
145597
5451
9085
12719
19987
23621
30889
34523
52693
56327
67229
74497
78131
85399
96301
107203
110837
121739
129007
132641
150811
161713
176249
6873
11455
16037
25201
29783
38947
43529
52693
71021
84767
93931
98513
107677
121423
135169
139751
153497
162661
167243
190153
203899
222227
7347
12245
17143
26939
31837
41633
46531
56327
71021
90613
100409
105307
115103
129797
144491
149389
164083
173879
178777
203267
217961
237553
8769
14615
20461
32153
37999
49691
55537
67229
84767
90613
119843
125689
137381
154919
172457
178303
195841
207533
213379
242609
260147
283531
9717
16195
22673
35629
42107
55063
61541
74497
93931
100409
119843
139277
152233
171667
191101
197579
217013
229969
236447
268837
288271
314183
10191
16985
23779
37367
44161
57749
64543
78131
98513
105307
125689
139277
159659
180041
200423
207217
227599
241187
247981
281951
302333
329509
11139
18565
25991
40843
48269
63121
70547
85399
107677
115103
137381
152233
159659
196789
219067
226493
248771
263623
271049
308179
330457
360161
12561
20935
29309
46057
54431
71179
79553
96301
121423
129797
154919
171667
180041
196789
247033
255407
280529
297277
305651
347521
372643
406139
13983
23305
32627
51271
60593
79237
88559
107203
135169
144491
172457
191101
200423
219067
247033
284321
312287
330931
340253
386863
414829
452117
14457
24095
33733
53009
62647
81923
91561
110837
139751
149389
178303
197579
207217
226493
255407
284321
322873
342149
351787
399977
428891
467443
15879
26465
37051
58223
68809
89981
100567
121739
153497
164083
195841
217013
227599
248771
280529
312287
322873
375803
386389
439319
471077
513421
16827
28045
39263
61699
72917
95353
106571
129007
162661
173879
207533
229969
241187
263623
297277
330931
342149
375803
409457
465547
499201
544073
17301
28835
40369
63437
74971
98039
109573
132641
167243
178777
213379
236447
247981
271049
305651
340253
351787
386389
409457
478661
513263
559399
19671
32785
45899
72127
85241
111469
124583
150811
190153
203267
242609
268837
281951
308179
347521
386863
399977
439319
465547
478661
583573
636029
21093
35155
49217
77341
91403
119527
133589
161713
203899
217961
260147
288271
302333
330457
372643
414829
428891
471077
499201
513263
583573
682007
22989
38315
53641
84293
99619
130271
145597
176249
222227
237553
283531
314183
329509
360161
406139
452117
467443
513421
544073
559399
636029
682007
1245
1743
2739
3237
4233
4731
5727
7221
7719
9213
10209
10707
11703
13197
14691
15189
16683
17679
18177
19671
22161
24153
1245
2905
4565
5395
7055
7885
9545
12035
12865
15355
17015
17845
19505
21995
24485
25315
27805
29465
30295
32785
36935
40255
1743
2905
6391
7553
9877
11039
13363
16849
18011
21497
23821
24983
27307
30793
34279
35441
38927
41251
42413
45899
51709
56357
2739
4565
6391
11869
15521
17347
20999
26477
28303
33781
37433
39259
42911
48389
53867
55693
61171
64823
66649
72127
81257
88561
3237
5395
7553
11869
18343
20501
24817
31291
33449
39923
44239
46397
50713
57187
63661
65819
72293
76609
78767
85241
96031
104663
4233
7055
9877
15521
18343
26809
32453
40919
43741
52207
57851
60673
66317
74783
83249
86071
94537
100181
103003
111469
125579
136867
4731
7885
11039
17347
20501
26809
36271
45733
48887
58349
64657
67811
74119
83581
93043
96197
105659
111967
115121
124583
140353
152969
5727
9545
13363
20999
24817
32453
36271
55361
59179
70633
78269
82087
89723
101177
112631
116449
127903
135539
139357
150811
169901
185173
7221
12035
16849
26477
31291
40919
45733
55361
74617
89059
98687
103501
113129
127571
142013
146827
161269
170897
175711
190153
214223
233479
7719
12865
18011
28303
33449
43741
48887
59179
74617
95201
105493
110639
120931
136369
151807
156953
172391
182683
187829
203267
228997
249581
9213
15355
21497
33781
39923
52207
58349
70633
89059
95201
125911
132053
144337
162763
181189
187331
205757
218041
224183
242609
273319
297887
10209
17015
23821
37433
44239
57851
64657
78269
98687
105493
125911
146329
159941
180359
200777
207583
228001
241613
248419
268837
302867
330091
10707
17845
24983
39259
46397
60673
67811
82087
103501
110639
132053
146329
167743
189157
210571
217709
239123
253399
260537
281951
317641
346193
11703
19505
27307
42911
50713
66317
74119
89723
113129
120931
144337
159941
167743
206753
230159
237961
261367
276971
284773
308179
347189
378397
13197
21995
30793
48389
57187
74783
83581
101177
127571
136369
162763
180359
189157
206753
259541
268339
294733
312329
321127
347521
391511
426703
14691
24485
34279
53867
63661
83249
93043
112631
142013
151807
181189
200777
210571
230159
259541
298717
328099
347687
357481
386863
435833
475009
15189
25315
35441
55693
65819
86071
96197
116449
146827
156953
187331
207583
217709
237961
268339
298717
339221
359473
369599
399977
450607
491111
16683
27805
38927
61171
72293
94537
105659
127903
161269
172391
205757
228001
239123
261367
294733
328099
339221
394831
405953
439319
494929
539417
17679
29465
41251
64823
76609
100181
111967
135539
170897
182683
218041
241613
253399
276971
312329
347687
359473
394831
430189
465547
524477
571621
18177
30295
42413
66649
78767
103003
115121
139357
175711
187829
224183
248419
260537
284773
321127
357481
369599
405953
430189
478661
539251
587723
19671
32785
45899
72127
85241
111469
124583
150811
190153
203267
242609
268837
281951
308179
347521
386863
399977
439319
465547
478661
583573
636029
22161
36935
51709
81257
96031
125579
140353
169901
214223
228997
273319
302867
317641
347189
391511
435833
450607
494929
524477
539251
583573
716539
24153
40255
56357
88561
104663
136867
152969
185173
233479
249581
297887
330091
346193
378397
426703
475009
491111
539417
571621
587723
636029
716539
1335
1869
2937
3471
4539
5073
6141
7743
8277
9879
10947
11481
12549
14151
15753
16287
17889
18957
19491
21093
22161
25899
1335
3115
4895
5785
7565
8455
10235
12905
13795
16465
18245
19135
20915
23585
26255
27145
29815
31595
32485
35155
36935
43165
1869
3115
6853
8099
10591
11837
14329
18067
19313
23051
25543
26789
29281
33019
36757
38003
41741
44233
45479
49217
51709
60431
2937
4895
6853
12727
16643
18601
22517
28391
30349
36223
40139
42097
46013
51887
57761
59719
65593
69509
71467
77341
81257
94963
3471
5785
8099
12727
19669
21983
26611
33553
35867
42809
47437
49751
54379
61321
68263
70577
77519
82147
84461
91403
96031
112229
4539
7565
10591
16643
19669
28747
34799
43877
46903
55981
62033
65059
71111
80189
89267
92293
101371
107423
110449
119527
125579
146761
5073
8455
11837
18601
21983
28747
38893
49039
52421
62567
69331
72713
79477
89623
99769
103151
113297
120061
123443
133589
140353
164027
6141
10235
14329
22517
26611
34799
38893
59363
63457
75739
83927
88021
96209
108491
120773
124867
137149
145337
149431
161713
169901
198559
7743
12905
18067
28391
33553
43877
49039
59363
80011
95497
105821
110983
121307
136793
152279
157441
172927
183251
188413
203899
214223
250357
8277
13795
19313
30349
35867
46903
52421
63457
80011
102083
113119
118637
129673
146227
162781
168299
184853
195889
201407
217961
228997
267623
9879
16465
23051
36223
42809
55981
62567
75739
95497
102083
135013
141599
154771
174529
194287
200873
220631
233803
240389
260147
273319
319421
10947
18245
25543
40139
47437
62033
69331
83927
105821
113119
135013
156907
171503
193397
215291
222589
244483
259079
266377
288271
302867
353953
11481
19135
26789
42097
49751
65059
72713
88021
110983
118637
141599
156907
179869
202831
225793
233447
256409
271717
279371
302333
317641
371219
12549
20915
29281
46013
54379
71111
79477
96209
121307
129673
154771
171503
179869
221699
246797
255163
280261
296993
305359
330457
347189
405751
14151
23585
33019
51887
61321
80189
89623
108491
136793
146227
174529
193397
202831
221699
278303
287737
316039
334907
344341
372643
391511
457549
15753
26255
36757
57761
68263
89267
99769
120773
152279
162781
194287
215291
225793
246797
278303
320311
351817
372821
383323
414829
435833
509347
16287
27145
38003
59719
70577
92293
103151
124867
157441
168299
200873
222589
233447
255163
287737
320311
363743
385459
396317
428891
450607
526613
17889
29815
41741
65593
77519
101371
113297
137149
172927
184853
220631
244483
256409
280261
316039
351817
363743
423373
435299
471077
494929
578411
18957
31595
44233
69509
82147
107423
120061
145337
183251
195889
233803
259079
271717
296993
334907
372821
385459
423373
461287
499201
524477
612943
19491
32485
45479
71467
84461
110449
123443
149431
188413
201407
240389
266377
279371
305359
344341
383323
396317
435299
461287
513263
539251
630209
21093
35155
49217
77341
91403
119527
133589
161713
203899
217961
260147
288271
302333
330457
372643
414829
428891
471077
499201
513263
583573
682007
22161
36935
51709
81257
96031
125579
140353
169901
214223
228997
273319
302867
317641
347189
391511
435833
450607
494929
524477
539251
583573
716539
25899
43165
60431
94963
112229
146761
164027
198559
250357
267623
319421
353953
371219
405751
457549
509347
526613
578411
612943
630209
682007
716539
1455
2037
3201
3783
4947
5529
6693
8439
9021
10767
11931
12513
13677
15423
17169
17751
19497
20661
21243
22989
24153
25899
1455
3395
5335
6305
8245
9215
11155
14065
15035
17945
19885
20855
22795
25705
28615
29585
32495
34435
35405
38315
40255
43165
2037
3395
7469
8827
11543
12901
15617
19691
21049
25123
27839
29197
31913
35987
40061
41419
45493
48209
49567
53641
56357
60431
3201
5335
7469
13871
18139
20273
24541
30943
33077
39479
43747
45881
50149
56551
62953
65087
71489
75757
77891
84293
88561
94963
3783
6305
8827
13871
21437
23959
29003
36569
39091
46657
51701
54223
59267
66833
74399
76921
84487
89531
92053
99619
104663
112229
4947
8245
11543
18139
21437
31331
37927
47821
51119
61013
67609
70907
77503
87397
97291
100589
110483
117079
120377
130271
136867
146761
5529
9215
12901
20273
23959
31331
42389
53447
57133
68191
75563
79249
86621
97679
108737
112423
123481
130853
134539
145597
152969
164027
6693
11155
15617
24541
29003
37927
42389
64699
69161
82547
91471
95933
104857
118243
131629
136091
149477
158401
162863
176249
185173
198559
8439
14065
19691
30943
36569
47821
53447
64699
87203
104081
115333
120959
132211
149089
165967
171593
188471
199723
205349
222227
233479
250357
9021
15035
21049
33077
39091
51119
57133
69161
87203
111259
123287
129301
141329
159371
177413
183427
201469
213497
219511
237553
249581
267623
10767
17945
25123
39479
46657
61013
68191
82547
104081
111259
147149
154327
168683
190217
211751
218929
240463
254819
261997
283531
297887
319421
11931
19885
27839
43747
51701
67609
75563
91471
115333
123287
147149
171011
186919
210781
234643
242597
266459
282367
290321
314183
330091
353953
12513
20855
29197
45881
54223
70907
79249
95933
120959
129301
154327
171011
196037
221063
246089
254431
279457
296141
304483
329509
346193
371219
13677
22795
31913
50149
59267
77503
86621
104857
132211
141329
168683
186919
196037
241627
268981
278099
305453
323689
332807
360161
378397
405751
15423
25705
35987
56551
66833
87397
97679
118243
149089
159371
190217
210781
221063
241627
303319
313601
344447
365011
375293
406139
426703
457549
17169
28615
40061
62953
74399
97291
108737
131629
165967
177413
211751
234643
246089
268981
303319
349103
383441
406333
417779
452117
475009
509347
17751
29585
41419
65087
76921
100589
112423
136091
171593
183427
218929
242597
254431
278099
313601
349103
396439
420107
431941
467443
491111
526613
19497
32495
45493
71489
84487
110483
123481
149477
188471
201469
240463
266459
279457
305453
344447
383441
396439
461429
474427
513421
539417
578411
20661
34435
48209
75757
89531
117079
130853
158401
199723
213497
254819
282367
296141
323689
365011
406333
420107
461429
502751
544073
571621
612943
21243
35405
49567
77891
92053
120377
134539
162863
205349
219511
261997
290321
304483
332807
375293
417779
431941
474427
502751
559399
587723
630209
22989
38315
53641
84293
99619
130271
145597
176249
222227
237553
283531
314183
329509
360161
406139
452117
467443
513421
544073
559399
636029
682007
24153
40255
56357
88561
104663
136867
152969
185173
233479
249581
297887
330091
346193
378397
426703
475009
491111
539417
571621
587723
636029
716539
25899
43165
60431
94963
112229
146761
164027
198559
250357
267623
319421
353953
371219
405751
457549
509347
526613
578411
612943
630209
682007
716539
0
